47.166700 32.796200 0.737640
47.166700 33.296200 0.742060
47.166700 33.796200 0.728460
47.666700 32.296200 0.735380
47.666700 32.796200 0.711500
47.666700 33.296200 0.712870
47.666700 33.796200 0.703170
48.166700 31.796200 0.759550
48.166700 32.296200 0.800380
48.166700 33.296200 0.773230
48.166700 33.796200 0.748630
48.666700 32.296200 1.068250
48.666700 33.796200 0.782710
50.166700 32.796200 1.142140
50.666700 28.296200 0.949240
50.666700 31.296200 1.222630
51.166700 28.296200 1.088530
51.166700 29.296200 1.140680
51.666700 28.296200 1.033240
51.666700 28.796200 1.123840
52.166700 28.296200 0.974740
52.166700 28.796200 1.079140
52.166700 29.296200 1.071000
52.166700 29.796200 0.963210
52.166700 30.796200 0.921090
52.666700 27.796200 0.934170
52.666700 28.296200 1.027270
52.666700 28.796200 1.066690
52.666700 29.296200 0.975710
52.666700 29.796200 0.980530
52.666700 30.296200 0.916760
53.166700 27.796200 0.956410
53.166700 28.296200 0.978020
53.166700 28.796200 0.909120
53.166700 29.296200 0.871760
53.666700 26.796200 1.115440
53.666700 27.296200 1.098670
53.666700 27.796200 1.112540
53.666700 28.296200 0.932690
53.666700 28.796200 0.874710
54.166700 26.796200 0.971130
54.166700 27.296200 1.180510
54.166700 27.796200 1.197550
54.166700 28.296200 1.114590
54.666700 26.296200 0.821210
54.666700 26.796200 0.845870
54.666700 27.296200 0.997770
54.666700 27.796200 0.849750
54.666700 28.296200 1.042460
55.166700 26.296200 0.835900
55.166700 26.796200 0.922490
55.166700 27.296200 0.991240
55.166700 27.796200 1.020960
55.166700 28.296200 1.111190
55.166700 28.796200 0.871160
55.666700 26.296200 0.857390
55.666700 26.796200 0.869020
55.666700 27.296200 0.923630
55.666700 27.796200 0.983310
55.666700 28.296200 0.923350
55.666700 28.796200 0.806630
56.166700 26.296200 0.930680
56.166700 26.796200 0.929400
56.166700 27.296200 1.005120
56.166700 27.796200 0.916750
56.166700 28.296200 0.861770
56.166700 28.796200 0.925800
56.666700 26.296200 0.820100
56.666700 26.796200 0.863080
56.666700 27.296200 0.935900
56.666700 27.796200 0.969750
56.666700 28.296200 0.969230
56.666700 28.796200 0.980690
57.166700 26.796200 0.854650
57.166700 27.296200 0.854930
57.166700 27.796200 0.969520
57.166700 28.296200 0.936740
57.166700 28.796200 0.891800
57.666700 27.296200 0.923380
57.666700 27.796200 0.925020
57.666700 28.296200 0.892500
57.666700 28.796200 0.900090
58.166700 27.296200 0.835130
58.166700 27.796200 0.920440
