63.65 40.41 15 1.16 -1.05 -0.11 0.06 0.30 0.12 26 X Y 040876A        
63.54 41.48 43 1.39 -1.23 -0.15 -0.61 -1.12 -0.15 25 X Y 040876B        
52.08 28.49 15 3.77 -1.83 -1.94 -0.63 0.06 1.55 24 X Y 042276A        
20.13 36.99 15 2.55 -0.71 -1.84 3.27 -3.48 0.95 25 X Y 051176C        
63.46 40.42 15 1.44 -0.77 -0.67 0.39 0.23 -0.50 26 X Y 051776A        
71.67 39.27 34 -5.58 9.32 -3.74 -4.25 -2.95 -0.96 24 X Y 072876C        
45.45 43.15 15 1.32 -1.14 -0.18 -2.17 0.62 0.31 25 X Y 072876D        
59.15 34.07 15 -1.08 -3.17 4.25 -1.12 -2.65 9.93 24 X Y 110776A        
43.96 38.88 15 0.25 -2.85 2.61 0.60 -0.93 -2.93 26 X Y 112476A        
70.64 36.33 196 5.57 -7.64 2.08 2.71 4.37 -0.69 24 X Y 112776A        
56.73 27.25 29 3.26 -2.88 -0.38 2.51 -0.49 -3.39 23 X Y 010577A        
69.79 39.85 10 1.12 -1.01 -0.12 0.43 -0.03 0.38 25 X Y 013177A        
71.28 36.99 118 4.35 -5.13 0.78 2.72 -2.44 1.87 23 X Y 021277A        
78.13 31.28 10 -3.93 -0.67 4.59 1.33 1.56 0.29 23 X Y 021977B        
55.37 15.16 10 -8.27 8.71 -0.44 0.68 2.28 -4.97 23 X Y 022877C        
56.44 27.47 19 1.12 -1.10 -0.02 0.82 0.22 -0.14 26 X Y 032177A        
56.96 27.63 19 1.25 -1.31 0.05 1.12 0.25 -0.60 25 X Y 032177D        
56.13 27.23 10 8.59 -8.89 0.30 -0.44 -0.68 -3.60 24 X Y 032277B        
56.44 27.25 10 2.35 -2.09 -0.26 0.30 0.11 -0.36 24 X Y 032377E        
39.82 37.58 21 0.25 -8.76 8.52 -1.13 1.76 2.98 23 X Y 032577A        
56.40 27.37 10 8.89 -9.97 1.08 0.41 0.07 -1.65 24 X Y 040177B        
50.26 31.34 10 0.49 -1.09 0.60 0.31 -0.75 -0.43 25 X Y 040677A        
70.46 36.03 210 2.10 -1.32 -0.77 2.33 3.00 -1.01 24 X Y 041377A        
70.41 35.99 230 0.80 -1.25 0.46 0.99 0.16 -0.03 24 X Y 041877A        
48.63 32.10 20 1.55 -1.53 -0.02 0.99 -0.34 0.69 24 X Y 042677B        
44.32 38.70 38 0.38 -3.72 3.34 0.20 -0.18 -0.81 24 X Y 052677A        
64.47 23.07 10 -3.76 4.24 -0.48 1.99 5.04 -1.65 23 X Y 052977A        
31.48 35.79 59 0.67 -2.86 2.19 -0.26 -2.33 0.34 24 X Y 060177A        
70.92 39.62 24 0.55 -1.03 0.48 -0.09 -0.47 0.09 24 X Y 060377B        
70.24 36.06 210 9.34 -7.55 -1.79 8.67 -7.85 4.97 24 X Y 060377A        
47.72 31.85 10 1.32 -1.32 0.00 0.52 -0.19 0.63 25 X Y 060577B        
48.09 32.13 10 1.05 -1.15 0.10 0.52 -0.16 0.47 24 X Y 060577C        
39.98 10.42 15 -0.36 -0.92 1.28 0.24 0.34 -0.22 24 X Y 070877B        
67.13 29.69 15 0.43 -1.76 1.33 0.24 -0.70 -1.76 24 X Y 071377A        
63.28 40.12 15 1.24 -1.10 -0.14 -0.39 0.12 0.07 24 X Y 071477A        
69.89 35.62 78 -3.15 4.15 -1.00 2.86 2.20 0.45 23 X Y 071877A        
75.45 38.54 132 0.17 0.48 -0.65 5.04 4.67 -0.64 23 X Y 072977B        
24.08 35.27 45 -0.94 1.21 -0.27 2.64 -2.84 -1.23 24 X Y 081877A        
22.99 34.51 37 5.43 -4.23 -1.20 -2.89 -1.86 -1.31 24 X Y 091177A        
33.62 40.39 16 0.56 2.49 -3.05 0.74 0.29 -5.37 24 X Y 100577C        
55.12 27.57 15 1.96 -1.88 -0.08 -0.62 -0.77 0.31 24 X Y 101977C        
23.85 41.46 15 -2.23 2.40 -0.17 0.83 -0.33 -0.85 24 X Y 110377A        
27.94 35.18 85 0.60 -0.30 -0.30 0.63 1.15 0.98 24 X Y 112877A        
56.74 27.50 15 0.82 -1.05 0.22 2.94 0.48 -0.33 24 X Y 121077A        
51.25 13.45 15 -1.63 1.60 0.03 0.00 0.60 -0.57 24 X Y 121777D        
77.44 39.92 15 5.80 -6.47 0.67 5.18 3.15 -0.36 24 X Y 121877A        
56.25 30.61 24 -0.04 -6.98 7.02 1.22 -2.53 1.31 24 X Y 121977B        
40.32 15.97 10 -1.11 -3.78 4.89 -2.25 -3.48 -7.86 25 X Y 122877A        
44.03 41.23 15 0.22 -2.80 2.58 -0.46 -0.19 0.43 24 X Y 010278B        
70.19 36.31 242 0.79 -0.62 -0.17 1.04 0.19 0.17 24 X Y 011678A        
40.49 17.51 15 -0.08 -0.52 0.60 0.00 0.00 -1.29 24 X Y 011778B        
50.86 13.08 15 -3.57 3.77 -0.20 0.94 0.06 -1.51 24 X Y 021178C        
25.45 34.19 42 0.59 -0.90 0.31 2.13 -0.21 -0.32 24 X Y 030778D        
79.97 41.92 15 0.86 -1.10 0.24 0.99 0.38 0.14 24 X Y 031278A        
66.43 29.83 39 0.31 -0.91 0.61 -0.46 -0.39 -1.57 25 X Y 031678A        
78.69 42.37 35 1.40 -1.41 0.01 0.01 -1.55 1.45 26 X Y 032478B        
75.45 41.50 33 3.87 -3.69 -0.18 1.72 0.08 0.06 23 X Y 041478A        
70.40 36.21 248 0.58 0.03 -0.62 -0.24 1.29 -0.04 25 X Y 042178A        
66.20 29.80 33 1.03 -3.37 2.34 -0.79 -1.39 -7.06 24 X Y 050678A        
55.73 31.25 15 0.81 -3.84 3.03 -1.06 -3.45 2.02 23 X Y 052278A        
23.19 39.85 10 -5.35 5.21 0.13 1.86 -0.01 1.10 24 X Y 052378B        
65.72 23.80 30 -1.03 1.10 -0.06 0.21 0.06 -0.27 24 X Y 052478B        
46.56 41.29 24 1.02 -1.00 -0.02 1.47 -0.89 0.45 24 X Y 052678C        
57.25 11.28 15 -0.38 -7.66 8.04 0.56 -3.91 -4.51 24 X Y 053078A        
63.13 40.48 10 2.82 -2.29 -0.53 0.86 1.17 0.30 24 X Y 060478A        
23.13 40.73 15 -0.99 1.05 -0.06 -0.08 -0.30 0.10 24 X Y 061978A        
23.58 39.60 10 -2.64 2.57 0.07 -0.22 -0.00 -0.71 25 X Y 062078A        
71.08 36.59 217 7.13 -1.43 -5.70 0.12 6.01 5.49 23 X Y 080878A        
38.04 43.65 15 1.71 -1.40 -0.31 3.65 -1.88 0.86 24 X Y 090378B        
57.02 33.37 11 1.17 -0.51 -0.65 0.56 -0.27 0.57 27 X Y 091678B        
74.29 39.48 10 4.88 -6.99 2.11 2.63 -8.83 -0.43 24 X Y 100878A        
70.70 36.41 182 0.92 -0.89 -0.03 -2.82 -0.50 -0.16 24 X Y 102378A        
72.16 39.34 15 2.88 -5.93 3.05 -0.18 -4.61 -6.66 25 X Y 110178A        
71.73 39.17 15 0.78 -0.94 0.16 1.95 -0.03 -1.20 24 X Y 110278B        
72.72 39.90 15 7.66 -4.63 -3.03 1.89 -4.38 -9.05 23 X Y 110278A        
49.11 37.43 15 1.04 0.35 -1.39 -0.03 3.59 0.04 25 X Y 110478A        
42.67 11.64 15 -2.10 6.76 -4.65 2.70 -2.45 -4.88 24 X Y 110778A        
72.20 39.39 10 7.32 -8.03 0.71 1.12 4.20 -1.75 23 X Y 110878A        
42.67 11.66 15 -0.33 4.93 -4.60 0.47 1.24 -3.00 24 X Y 110878B        
66.05 28.59 33 -0.31 0.18 0.12 0.28 1.15 -5.26 23 X Y 121078A        
49.36 31.85 15 1.77 -0.61 -1.16 -0.61 0.48 0.88 25 X Y 121478A        
42.91 11.79 15 -0.87 4.14 -3.27 0.61 1.20 -3.35 24 X Y 122178C        
61.23 26.75 15 -3.53 -5.19 8.73 6.47 -1.35 4.26 24 X Y 011079B        
61.31 26.75 15 -0.49 -1.07 1.56 0.96 0.17 0.34 25 X Y 011079C        
59.41 34.19 15 -0.04 -1.44 1.18 -1.02 -4.65 4.81 25 X Y 011679A        
71.79 36.69 142 4.20 -2.73 -1.47 -2.28 0.78 -2.52 23 X Y 020779A        
57.31 32.99 15 2.04 -0.99 -1.06 0.82 -0.05 1.32 24 X Y 021379B        
49.48 30.49 15 7.58 -3.72 -3.86 0.70 -0.50 3.44 23 X Y 032879A        
77.74 41.92 19 0.66 -0.67 0.01 -1.03 -0.06 0.20 24 X Y 040679A        
74.29 39.28 97 2.64 -8.55 5.91 -0.06 -1.66 2.04 23 X Y 041779B        
35.59 30.54 15 -0.44 -2.12 2.55 4.25 -1.41 -3.01 23 X Y 042379C        
24.80 34.38 15 -0.01 0.09 -0.08 1.48 -0.32 -0.15 25 X Y 051579A        
32.02 35.79 96 -4.90 6.94 -2.04 6.87 -0.61 2.65 24 X Y 052879A        
26.40 37.58 15 -4.61 5.45 -0.84 1.90 2.35 -0.85 24 X Y 061479A        
24.42 34.82 33 0.19 -0.24 0.05 1.25 -0.69 -0.25 24 X Y 061579B        
26.77 38.46 15 -0.87 1.19 -0.32 0.32 0.36 -0.28 24 X Y 061679A        
70.53 36.24 214 1.13 -0.83 -0.30 1.05 -0.77 0.20 24 X Y 062079A        
72.19 35.11 264 -1.16 1.28 -0.12 -0.52 0.09 -0.18 24 X Y 062679A        
53.77 14.81 15 -1.17 6.69 -5.52 -1.65 -0.02 5.94 24 X Y 070879C        
29.19 39.44 15 -0.80 1.16 -0.36 0.43 -0.12 -0.53 24 X Y 071879B        
26.75 35.29 15 -2.02 0.55 1.47 -0.60 2.16 1.44 24 X Y 072379A        
70.97 36.35 176 7.64 -3.70 -3.94 -1.61 3.41 -0.91 23 X Y 081479B        
70.71 37.93 239 2.26 -1.51 -0.75 4.48 0.14 -0.01 24 X Y 082079A        
27.89 35.75 94 -3.89 6.47 -2.58 8.55 -0.27 1.85 23 X Y 082279C        
69.76 36.29 225 0.76 -4.52 3.76 6.19 -1.05 -1.30 23 X Y 092479A        
48.81 13.46 15 -6.87 6.82 0.05 0.00 0.00 0.21 23 X Y 092479C        
76.81 44.87 40 3.42 -2.75 -0.67 0.06 -0.97 -1.97 24 X Y 092579A        
51.67 39.83 35 -2.09 2.53 -0.45 -3.18 0.26 -1.01 23 X Y 100179A        
59.78 34.37 12 -0.58 -2.90 3.49 0.57 -4.92 5.66 25 X Y 111479A        
59.58 34.45 25 -0.47 -0.46 0.94 1.76 -1.79 3.85 26 X Y 112779B        
59.52 33.96 15 0.33 0.61 -0.94 -0.05 0.41 1.27 25 X Y 120779A        
56.60 34.80 15 2.44 -0.49 -1.95 1.07 0.18 1.30 24 X Y 120979A        
51.64 14.07 15 -0.32 4.52 -4.21 -1.50 1.03 4.10 24 X Y 122279A        
36.24 37.06 15 0.50 -1.68 1.19 0.00 0.00 0.30 24 X Y 122879A        
32.01 36.00 53 -1.42 2.31 -0.88 2.77 -2.33 -0.61 24 X Y 123179B        
60.27 26.99 64 0.17 1.41 -1.58 -0.23 0.26 1.03 24 X Y 010180B        
56.93 33.24 15 0.54 -0.06 -0.48 1.00 -0.41 0.42 25 X Y 011280A        
40.53 17.12 15 -0.11 -0.98 1.09 -0.39 -0.05 -0.86 25 X Y 011480B        
40.12 16.99 15 1.32 -4.94 3.62 0.00 0.00 -2.22 24 X Y 011480D        
57.18 14.22 15 -1.49 1.41 0.08 -0.87 0.02 -0.73 24 X Y 012680A        
76.76 35.90 80 7.65 -6.23 -1.42 7.52 -6.49 2.25 24 X Y 021380A        
70.33 36.13 152 3.09 -3.04 -0.05 -0.62 -0.47 -0.90 24 X Y 032080B        
69.12 36.19 17 1.37 -0.30 -1.07 1.02 -0.52 -1.41 24 X Y 041480A        
57.97 12.41 15 -0.58 -4.04 4.62 0.20 -1.93 -3.01 25 X Y 042080A        
64.33 27.73 43 -1.05 0.64 0.41 1.69 0.53 0.49 24 X Y 042880A        
30.16 35.99 15 -1.60 2.53 -0.93 7.11 0.44 -0.12 24 X Y 050280C        
43.26 10.31 15 -2.48 3.27 -0.79 -0.69 -0.53 0.36 24 X Y 050380A        
49.41 38.08 15 1.27 -0.02 -1.25 0.08 7.66 0.00 25 X Y 050480A        
21.37 43.43 10 -1.86 6.31 -4.45 0.25 -5.70 4.05 24 X Y 051880A        
43.37 10.05 15 -4.73 2.63 2.11 7.02 3.17 4.52 23 X Y 053080A        
77.40 41.94 15 1.41 -1.28 -0.14 -0.37 1.15 -0.37 24 X Y 070580A        
22.71 38.58 10 -6.90 7.84 -0.94 2.88 -3.08 1.56 25 X Y 070980A        
23.09 39.00 15 -2.36 2.44 -0.08 1.43 -1.28 -0.27 24 X Y 071080A        
50.67 37.15 30 1.23 -0.79 -0.44 -1.53 1.29 1.47 24 X Y 072280B        
74.31 39.41 10 5.64 -7.98 2.33 2.01 -0.20 -0.58 23 X Y 073180A        
23.35 39.44 15 -6.35 5.92 0.44 -1.88 2.71 2.73 23 X Y 081180A        
75.37 32.59 15 0.64 -0.43 -0.22 1.39 -1.68 0.47 24 X Y 082380A        
75.40 32.49 15 0.94 -0.76 -0.17 1.93 -1.39 0.66 24 X Y 082380B        
70.64 36.28 207 0.53 -0.32 -0.21 1.41 -0.29 -0.44 24 X Y 091980B        
73.58 17.31 15 -3.31 0.68 2.63 0.36 -2.36 -1.57 23 X Y 092080A        
48.13 32.16 15 4.92 -4.99 0.07 1.97 0.45 1.27 24 X Y 101980B        
56.07 26.98 15 7.70 -6.58 -1.12 4.34 1.04 -1.89 23 X Y 111780A        
56.61 27.02 15 0.91 -1.18 0.27 0.68 0.30 0.41 24 X Y 112880A        
50.53 37.09 16 7.86 -4.86 -3.00 -5.25 -4.89 6.46 23 X Y 120380A        
78.56 40.37 15 4.36 -3.32 -1.04 3.48 5.44 -1.95 23 X Y 120680A        
44.25 35.89 15 0.10 -1.46 1.36 -0.14 -0.71 1.24 25 X Y 121880A        
50.44 33.96 15 0.86 -1.88 1.02 -1.01 -0.86 0.40 25 X Y 121980A        
50.31 34.09 15 2.97 -3.97 1.01 0.32 -3.06 0.07 24 X Y 122280A        
47.82 32.22 15 6.71 -7.98 1.27 6.47 -0.13 0.70 23 X Y 010281C        
71.36 36.35 142 6.77 -9.93 3.16 9.72 6.86 -2.52 23 X Y 011081A        
45.78 41.43 33 4.53 -3.85 -0.68 5.65 1.22 3.97 23 X Y 022381A        
23.04 38.07 10 -8.11 8.04 0.07 -2.89 -2.86 0.07 25 X Y 022481D        
22.91 37.87 10 -2.96 2.46 0.50 -0.65 -2.31 1.09 25 X Y 022581A        
72.50 39.14 15 -0.02 0.04 -0.02 -0.24 -1.01 -0.94 24 X Y 030381A        
23.25 37.93 10 -2.85 1.81 1.04 0.36 -1.65 0.42 25 X Y 030481A        
23.01 37.77 15 -1.64 1.63 0.01 -0.19 -0.75 0.37 24 X Y 030581B        
23.34 37.62 15 -1.43 1.47 -0.04 0.23 0.12 0.09 24 X Y 030781B        
20.64 38.53 19 1.32 -0.17 -1.14 -0.60 -0.57 0.33 24 X Y 031081A        
51.06 28.79 15 4.31 -1.14 -3.16 5.62 -0.50 3.72 23 X Y 040181B        
56.25 27.31 15 0.91 -4.07 3.16 3.34 -1.77 -0.51 23 X Y 041681B        
31.48 36.17 63 0.27 0.28 -0.55 3.05 0.03 -1.69 24 X Y 042681B        
70.53 36.47 188 0.72 -1.18 0.46 -1.54 -0.40 -0.27 24 X Y 042881B        
70.99 36.80 228 5.47 -6.20 0.73 1.03 1.30 -0.71 25 X Y 050281A        
57.36 29.69 20 1.35 -0.25 -1.10 -7.80 -2.68 5.72 25 X Y 061181A        
67.74 36.19 15 1.16 -1.90 0.74 -0.78 -2.38 -0.60 24 X Y 061381B        
20.45 37.89 22 -2.32 3.69 -1.36 -6.11 1.99 4.81 23 X Y 062481A        
20.01 37.60 18 -0.64 1.02 -0.38 -0.96 0.51 1.22 24 X Y 062881C        
70.24 36.13 234 0.85 -0.68 -0.17 1.10 0.31 0.25 24 X Y 070881A        
53.22 39.41 42 2.02 6.84 -8.86 0.24 -0.95 9.31 23 X Y 072181A        
44.67 36.98 15 -4.80 -0.45 5.25 2.15 -3.47 -2.53 24 X Y 072381A        
57.58 30.03 15 2.65 -1.82 -0.83 -7.17 4.19 2.88 26 X Y 072881A        
48.84 37.90 25 1.55 0.36 -1.91 1.53 1.71 -0.15 24 X Y 080481A        
73.48 35.22 10 1.81 -1.57 -0.25 -0.46 0.44 0.71 25 X Y 091281B        
25.13 34.56 15 -0.21 -0.56 0.77 0.49 -0.72 1.59 24 X Y 091381C        
44.99 43.25 33 2.16 -2.31 0.15 -1.46 -0.70 0.63 24 X Y 101881B        
70.47 36.15 212 5.88 -3.81 -2.07 4.64 -1.85 5.07 23 X Y 110181A        
32.38 23.88 15 -0.33 5.16 -4.82 0.84 2.53 -2.53 24 X Y 111481B        
49.56 40.44 33 1.15 4.72 -5.88 2.70 -0.03 1.36 23 X Y 111981A        
70.28 35.91 214 1.18 -0.49 -0.69 2.66 -3.09 0.31 24 X Y 112381B        
69.47 29.48 15 -0.34 -1.09 1.43 -0.32 -0.33 -0.44 24 X Y 120581A        
58.05 14.97 15 -2.44 3.30 -0.86 0.00 0.00 5.62 24 X Y 120581B        
25.27 38.81 10 0.09 2.09 -2.17 -0.74 0.18 0.30 26 X Y 121981A        
24.89 38.67 10 0.04 2.64 -2.68 -1.41 1.08 0.56 25 X Y 122781B        
25.06 38.38 15 -0.00 1.08 -1.08 -0.75 -0.07 -0.46 24 X Y 122981B        
24.47 39.56 10 0.04 6.37 -6.41 -1.47 4.59 -3.30 25 X Y 011882B        
73.40 35.15 15 8.65 -4.71 -3.94 0.51 1.61 4.09 23 X Y 022282B        
72.59 37.80 146 -1.06 0.87 0.19 -1.20 -0.94 -2.80 24 X Y 030782A        
71.42 40.26 15 3.82 -4.31 0.49 -1.62 -1.84 0.07 24 X Y 050682A        
21.41 37.44 38 -1.14 -0.81 1.95 -0.58 0.63 -0.25 24 X Y 062282B        
70.00 36.13 82 5.49 -4.01 -1.49 0.49 -3.00 4.30 23 X Y 070182B        
70.86 36.01 235 0.27 0.24 -0.52 -0.15 1.06 0.65 24 X Y 070282B        
22.90 33.70 23 3.59 -1.29 -2.29 0.86 1.30 -1.89 25 X Y 081782B        
73.11 37.34 10 -1.93 0.18 1.75 0.58 0.09 -0.43 24 X Y 092982A        
70.35 34.46 10 3.96 -3.53 -0.43 2.30 1.94 -1.49 24 X Y 112082A        
46.13 12.03 14 -2.83 3.02 -0.20 0.57 -0.25 -1.06 24 X Y 120882A        
44.60 14.99 10 -2.28 1.03 1.26 0.39 -0.61 -1.39 25 X Y 121382B        
68.71 36.20 12 5.16 -1.02 -4.14 -1.21 1.27 -1.73 25 X Y 121682A        
43.97 14.10 15 -1.77 0.91 0.86 0.09 0.37 -1.09 24 X Y 122982C        
77.01 42.75 15 6.65 -6.50 -0.15 5.21 4.76 -1.44 23 X Y 123182B        
23.89 33.97 102 5.65 -2.52 -3.14 -2.30 -0.61 -3.02 23 X Y 010383B        
20.38 38.13 10 0.33 0.54 -0.87 1.03 -1.98 0.17 26 X Y 011783A        
20.90 37.88 15 -1.20 3.76 -2.56 1.97 -4.72 0.25 24 X Y 011983A        
70.26 36.16 184 8.96 -7.69 -1.27 -7.80 -1.33 -2.86 23 X Y 012583C        
21.28 38.35 28 -0.32 0.96 -0.64 0.22 -1.28 0.06 24 X Y 013183C        
57.21 26.28 33 1.32 1.23 -2.55 7.10 -0.80 6.29 24 X Y 020783A        
75.11 39.94 15 -0.44 -2.08 2.52 0.83 -1.03 0.45 25 X Y 021383A        
53.85 27.95 15 4.08 -4.65 0.58 5.31 0.23 -0.02 23 X Y 021883A        
20.35 37.36 26 -6.94 8.58 -1.63 1.36 -3.61 -4.47 23 X Y 022183A        
70.16 38.93 10 9.36 -3.33 -6.03 0.62 0.14 -6.39 23 X Y 022683B        
78.15 32.29 10 -1.61 -2.69 4.31 2.70 -0.19 -7.30 23 X Y 022783B        
49.08 32.19 10 -0.07 -0.21 0.27 2.60 -2.34 0.56 24 X Y 030583A        
24.89 34.75 65 2.73 -0.47 -2.27 2.29 -0.05 0.75 24 X Y 031983A        
70.63 36.99 66 1.48 -3.16 1.69 -3.10 1.96 0.11 23 X Y 032383C        
20.48 37.92 33 0.36 1.38 -1.74 0.94 -0.63 1.11 25 X Y 032383D        
20.54 38.58 25 -0.50 1.21 -0.71 0.10 -0.70 -0.46 24 X Y 032483A        
52.62 36.65 33 0.15 0.43 -0.59 -0.17 -0.63 1.52 24 X Y 032583B        
52.01 35.88 10 0.48 0.17 -0.65 0.12 0.42 1.02 24 X Y 032683A        
75.30 40.27 15 -1.49 -3.99 5.48 3.16 -2.60 -0.09 24 X Y 040583A        
57.49 11.28 10 0.23 -5.35 5.12 0.44 -1.38 -3.02 25 X Y 040883A        
62.44 27.94 51 -1.27 1.14 0.13 0.05 0.39 0.56 26 X Y 041883A        
20.55 38.06 15 -0.33 1.34 -1.00 0.37 0.11 0.74 24 X Y 051483A        
48.36 32.45 27 2.21 -1.81 -0.40 0.94 0.13 1.17 24 X Y 052883A        
79.92 35.41 13 -2.14 -2.45 4.59 1.19 0.55 -0.06 23 X Y 053183A        
27.04 40.38 15 -0.05 0.84 -0.79 0.05 1.20 -0.87 25 X Y 070583C        
56.26 27.11 47 0.96 -1.03 0.07 0.10 -0.15 -0.38 25 X Y 071283B        
21.37 36.51 25 2.47 -4.82 2.34 3.09 0.28 9.03 23 X Y 071483B        
57.02 10.62 10 0.80 -1.46 0.66 0.34 0.78 -0.80 24 X Y 072983B        
24.66 39.89 10 -0.06 1.16 -1.11 -0.04 0.20 -0.13 26 X Y 080683B        
52.51 40.93 40 -2.28 2.06 0.22 3.12 -1.22 -3.57 23 X Y 082083C        
73.87 39.09 15 0.46 -4.12 3.67 2.81 -1.93 -2.10 23 X Y 082583A        
24.04 40.11 15 -2.19 4.98 -2.79 0.00 -1.37 -4.78 23 X Y 082683A        
70.69 36.26 212 1.59 -1.21 -0.38 -0.42 -0.48 -0.93 25 X Y 091283A        
27.70 36.97 170 0.37 -1.07 0.71 0.52 0.92 0.20 24 X Y 092783A        
43.01 11.71 15 0.42 8.79 -9.21 -3.36 2.61 -2.66 23 X Y 092883B        
43.47 11.83 37 -1.69 4.52 -2.83 0.71 -0.94 -1.62 24 X Y 093083A        
25.76 40.18 15 -1.86 8.14 -6.28 2.82 -6.48 -8.88 23 X Y 101083B        
43.17 11.91 10 -0.59 1.58 -0.99 -0.03 0.21 -0.21 24 X Y 101983A        
30.05 40.54 15 -0.85 2.01 -1.16 0.00 0.00 0.43 24 X Y 102183C        
71.34 36.34 133 0.78 -1.41 0.64 -2.14 -1.60 -0.83 24 X Y 103083A        
42.05 40.47 12 1.57 -7.62 6.06 5.45 1.09 -2.94 25 X Y 103083B        
41.94 39.97 33 -0.09 -1.92 2.01 0.24 -0.16 -0.24 24 X Y 103083C        
39.03 39.55 10 -1.04 0.04 1.00 0.20 -1.23 -0.32 24 X Y 111883A        
68.79 36.09 10 4.77 -1.25 -3.52 1.82 -0.56 -0.99 23 X Y 120783A        
72.48 39.32 15 6.64 -5.60 -1.05 1.65 0.73 -6.35 24 X Y 121683A        
69.03 34.95 15 1.61 -0.62 -0.99 -1.64 -0.94 1.26 24 X Y 122283D        
70.41 37.17 212 0.90 -0.90 -0.00 1.21 -0.30 0.13 27 X Y 123083C        
65.59 27.62 15 -0.57 0.68 -0.11 -2.13 -0.89 -2.42 24 X Y 011884A        
70.63 36.19 172 1.50 -1.24 -0.26 -0.32 -0.17 -0.41 25 X Y 012784B        
51.82 14.27 10 -0.08 3.62 -3.54 2.11 0.09 2.57 24 X Y 012884A        
70.05 34.19 15 1.25 -1.21 -0.04 0.33 0.65 -0.52 25 X Y 020184B        
21.86 38.11 15 -2.47 2.52 -0.05 1.83 -1.20 -0.12 24 X Y 021184A        
70.44 40.49 15 5.71 -5.28 -0.43 -0.68 3.99 -1.44 23 X Y 021584B        
70.66 36.25 204 3.73 -3.81 0.08 1.57 1.56 -1.52 25 X Y 021684A        
70.84 41.13 12 1.71 -1.77 0.06 0.80 -0.81 -0.30 24 X Y 021784D        
54.06 39.55 41 -0.29 -3.13 3.42 0.29 -0.87 -4.21 24 X Y 022284B        
67.43 39.91 15 3.23 -2.44 -0.79 3.23 1.08 0.02 23 X Y 022384A        
63.24 40.59 15 2.63 -1.15 -1.48 1.72 1.88 -0.75 26 X Y 031984B        
62.88 40.52 15 5.05 -3.31 -1.74 -1.38 2.00 -2.94 23 X Y 032084A        
71.00 36.47 276 5.60 -4.81 -0.79 -0.13 1.30 -0.81 24 X Y 032284B        
67.92 30.04 22 5.59 -4.47 -1.13 -1.03 -0.70 4.37 23 X Y 040284A        
70.78 36.42 208 1.36 -1.97 0.61 0.96 0.85 -0.05 24 X Y 041984A        
70.95 36.28 219 1.86 -0.81 -1.05 1.16 -1.12 0.43 24 X Y 042384A        
25.57 38.66 10 -0.44 1.52 -1.08 -0.08 0.09 -0.97 24 X Y 050684A        
22.78 36.13 73 3.01 -0.47 -2.54 2.87 -1.00 -4.68 23 X Y 052284B        
70.55 36.72 115 3.34 -5.48 2.14 1.85 -2.34 -1.39 23 X Y 060284B        
25.72 38.86 15 -1.33 4.87 -3.54 1.30 1.03 -4.23 23 X Y 061784B        
23.80 35.74 34 -0.25 0.51 -0.26 1.92 -0.99 -0.27 25 X Y 062184B        
70.62 36.12 199 0.91 -0.71 -0.20 1.07 2.06 -1.07 24 X Y 070184A        
33.85 25.86 10 -4.32 4.23 0.09 -0.00 0.91 -2.65 23 X Y 070284A        
69.30 36.12 20 1.40 -0.85 -0.55 0.01 -1.49 -0.49 24 X Y 070384A        
22.55 41.05 10 -6.72 2.96 3.76 -2.19 -0.85 4.31 23 X Y 070984E        
56.92 30.84 19 1.34 -1.43 0.10 -0.43 0.37 -0.09 24 X Y 080684A        
63.40 40.44 10 6.91 -3.99 -2.91 -1.93 -0.69 -1.17 23 X Y 081484B        
70.21 35.76 138 3.96 -2.11 -1.85 4.49 -1.26 1.07 24 X Y 082284C        
34.81 32.38 28 0.57 8.40 -8.98 3.51 4.65 0.18 23 X Y 082484A        
21.27 43.75 10 0.27 1.51 -1.78 0.80 -1.42 4.81 23 X Y 090784A        
42.39 40.62 10 -0.23 -1.09 1.32 -1.36 -0.06 -1.24 24 X Y 091884A        
66.45 26.96 13 1.13 -4.70 3.57 2.66 0.02 -9.71 23 X Y 100284B        
42.02 40.52 10 1.15 -1.47 0.32 -0.39 -0.22 0.46 24 X Y 101884A        
71.03 38.99 12 0.98 -2.24 1.27 -0.17 0.09 -0.55 25 X Y 102684D        
53.68 27.51 49 5.54 -4.00 -1.53 -0.42 0.69 2.03 23 X Y 122284B        
53.48 28.22 22 -1.64 1.45 0.19 0.82 -0.11 -0.50 24 X Y 020285B        
50.54 31.65 84 -5.10 4.63 0.47 3.04 -1.53 0.49 23 X Y 032785A        
62.44 20.91 10 0.35 0.75 -1.09 0.00 0.00 0.71 24 X Y 040785C        
22.41 35.35 38 8.51 -9.49 0.98 2.94 -2.23 2.25 23 X Y 042185A        
72.96 38.35 117 0.68 -1.47 0.79 -0.33 -0.94 -2.10 24 X Y 042785B        
23.15 39.06 14 -3.18 3.54 -0.36 -0.39 -0.65 0.05 24 X Y 043085A        
70.54 30.53 15 3.69 -0.94 -2.74 2.57 6.14 -1.31 24 X Y 050685A        
70.58 30.77 15 1.08 -0.17 -0.91 1.16 1.48 -0.52 24 X Y 050885C        
22.81 36.99 22 -2.43 0.86 1.57 -5.03 2.36 6.45 23 X Y 052385A        
70.94 36.25 136 5.23 -1.27 -3.95 4.44 -0.77 -4.15 23 X Y 052885A        
42.93 11.31 10 -2.33 4.02 -1.69 1.78 1.33 -2.68 23 X Y 060485A        
46.52 42.33 15 0.10 -0.29 0.18 1.50 0.12 -0.42 24 X Y 070485A        
28.40 34.16 15 -3.93 0.89 3.04 -3.64 4.20 3.81 23 X Y 072285C        
70.96 36.33 98 1.34 -1.13 -0.20 -0.47 0.06 -0.62 27 X Y 072985B        
70.70 35.92 120 3.14 -3.54 0.40 1.08 0.88 -1.15 25 X Y 080285B        
70.06 35.40 124 5.07 -5.10 0.03 -1.36 -0.04 -0.67 23 X Y 080385A        
52.89 27.72 15 2.38 -2.11 -0.27 0.87 0.60 0.67 24 X Y 080785C        
59.72 36.96 10 0.56 -0.98 0.42 -2.34 -0.16 1.03 24 X Y 081685A        
76.46 39.31 15 -0.14 -4.00 4.14 -0.08 0.51 -1.03 23 X Y 082385A        
75.09 39.54 15 1.05 -1.91 0.87 2.27 1.62 0.59 26 X Y 082385B        
75.14 39.25 10 5.04 -5.74 0.70 -4.37 2.99 1.19 23 X Y 082985C        
21.53 37.35 10 -0.98 1.36 -0.39 0.86 -0.76 0.64 24 X Y 090785C        
75.32 39.50 10 1.74 -1.65 -0.09 -0.03 0.54 0.42 25 X Y 091185D        
49.62 31.45 11 9.49 -0.12 -9.37 0.06 3.84 4.50 23 X Y 091885A        
26.94 34.05 44 -0.44 3.27 -2.83 1.48 0.08 0.22 24 X Y 092785C        
22.18 41.22 20 -2.06 7.04 -4.98 -1.30 3.70 5.07 23 X Y 092885C        
69.20 40.22 10 5.07 -4.58 -0.49 -1.20 1.62 -2.19 24 X Y 101385B        
54.59 36.96 15 1.12 -1.35 0.23 -0.77 -0.58 -0.38 25 X Y 102985A        
41.68 39.75 10 2.76 -7.32 4.56 1.40 -3.28 0.39 23 X Y 110785A        
24.12 41.24 21 -7.05 6.20 0.85 -2.76 -1.29 1.82 23 X Y 110985C        
57.96 14.94 10 -0.92 3.95 -3.03 -1.06 0.35 3.26 24 X Y 121485B        
69.41 34.04 15 -1.02 -1.34 2.36 2.00 -1.67 -1.11 24 X Y 011286C        
71.00 35.97 257 1.36 0.13 -1.50 -1.12 1.29 -0.82 24 X Y 011486A        
25.97 42.92 25 -0.24 1.11 -0.87 -0.07 0.57 -0.92 24 X Y 022186A        
51.60 40.33 35 -0.56 0.92 -0.36 5.51 -3.14 -0.21 25 X Y 030686A        
70.34 36.36 208 1.10 -1.06 -0.04 1.88 0.03 -0.07 24 X Y 031186A        
25.14 38.54 15 0.32 0.34 -0.66 0.89 0.84 -1.63 24 X Y 032586A        
77.07 39.83 15 1.21 -1.25 0.04 -0.57 0.88 -0.43 24 X Y 042586A        
76.06 31.59 15 1.04 -0.39 -0.65 0.83 -1.71 0.89 24 X Y 042686B        
71.00 36.29 187 5.97 -4.61 -1.36 2.12 5.69 -1.59 24 X Y 042686C        
53.02 28.03 15 2.14 -1.31 -0.84 0.63 1.04 0.99 24 X Y 050286A        
53.00 27.90 15 5.95 -3.90 -2.05 -1.37 3.83 3.61 23 X Y 050386A        
37.70 37.72 15 0.21 -0.60 0.39 0.07 -0.81 1.03 25 X Y 050586A        
43.92 41.03 15 0.36 -4.60 4.24 0.69 -0.65 2.08 24 X Y 051386A        
69.11 29.54 15 2.35 -3.13 0.78 5.22 5.82 -5.63 23 X Y 051586C        
26.72 34.12 33 0.81 -1.80 0.99 1.34 -0.72 -0.20 24 X Y 052286B        
48.14 12.94 15 -4.03 3.55 0.47 -1.17 -0.99 -1.93 24 X Y 052386A        
68.69 35.99 17 3.22 -1.54 -1.68 -1.27 -1.74 0.97 23 X Y 052486B        
37.99 37.36 15 2.85 -5.47 2.62 0.00 0.00 4.94 24 X Y 060686B        
22.20 36.67 29 5.01 -4.99 -0.02 -2.05 1.07 2.50 23 X Y 060886B        
51.83 40.17 50 -6.46 3.64 2.82 0.41 2.94 -4.71 23 X Y 061186D        
57.33 11.29 15 4.11 -2.75 -1.36 0.12 0.57 -1.56 25 X Y 070786A        
51.36 29.79 33 -0.21 -0.10 0.31 -0.73 -0.65 4.01 24 X Y 071286A        
78.19 30.48 15 0.52 -0.38 -0.14 0.66 -1.35 0.52 24 X Y 071686B        
71.13 36.47 97 0.04 -1.60 1.56 1.77 -0.91 -1.36 24 X Y 071786B        
22.64 36.80 15 -7.54 -1.19 8.73 4.51 0.37 2.95 24 X Y 091386C        
70.56 36.52 105 1.68 -2.23 0.55 -0.95 -1.58 -0.69 24 X Y 091586B        
71.55 37.34 136 0.09 1.02 -1.11 -1.04 -2.05 0.51 24 X Y 091786C        
57.00 10.76 15 0.13 -2.24 2.11 -0.28 -0.26 -0.71 25 X Y 091786D        
57.20 10.87 15 1.88 4.71 -6.58 -1.64 1.24 -4.25 23 X Y 092986B        
29.16 34.65 15 -6.82 7.91 -1.08 2.63 3.71 2.10 23 X Y 100286A        
28.71 37.31 15 -2.14 3.31 -1.17 -0.53 -1.51 -1.53 24 X Y 101186A        
70.96 35.99 126 0.07 -0.69 0.61 1.72 -0.64 -0.90 24 X Y 101386A        
66.45 27.24 47 1.32 0.13 -1.45 -2.49 1.59 -2.81 23 X Y 101686A        
26.01 43.01 15 -0.27 2.38 -2.11 -0.85 0.73 -1.77 24 X Y 120786B        
71.28 36.34 221 1.62 0.56 -2.19 0.13 0.70 -1.02 24 X Y 121786A        
51.25 29.97 15 0.32 -0.82 0.50 0.60 -0.11 1.32 24 X Y 122086E        
79.31 41.26 15 1.88 -1.86 -0.02 -0.03 0.39 -0.46 25 X Y 012487A        
70.14 39.12 33 1.69 0.52 -2.21 0.71 -0.02 -1.97 23 X Y 022387A        
21.02 38.51 15 -1.89 3.67 -1.78 2.75 -1.74 0.78 24 X Y 022787E        
79.52 41.30 33 2.69 -1.00 -1.70 -1.71 -2.52 -1.53 23 X Y 030387B        
64.48 23.27 36 -2.55 2.21 0.34 1.78 -1.70 1.50 23 X Y 031987B        
70.02 42.44 15 3.05 -0.88 -2.17 4.63 5.02 -1.54 23 X Y 032687C        
70.78 36.10 113 -1.01 1.41 -0.40 2.02 1.11 0.45 24 X Y 040287B        
57.28 37.40 15 2.67 -0.00 -2.67 -1.22 -3.01 3.28 23 X Y 041087A        
23.27 35.40 15 -2.09 4.55 -2.47 0.00 0.00 -4.74 23 X Y 041287A        
55.93 26.99 15 3.44 -4.56 1.12 0.65 0.80 -1.43 24 X Y 042987A        
74.67 39.67 15 3.77 -2.99 -0.78 -0.05 0.23 1.43 24 X Y 043087C        
70.55 36.22 208 1.27 -0.94 -0.33 1.81 -0.76 0.42 25 X Y 050587B        
55.32 27.95 15 1.52 -1.69 0.17 0.65 0.25 -0.05 24 X Y 051287B        
47.76 33.54 15 -0.44 -0.73 1.17 0.06 -0.24 -0.24 24 X Y 052987A        
21.49 37.57 57 -6.60 6.40 0.20 5.53 -3.17 0.05 23 X Y 052987C        
75.30 39.64 15 4.55 -4.37 -0.17 3.33 -1.72 3.10 23 X Y 060887A        
21.89 36.83 37 -0.06 5.86 -5.80 7.52 -2.90 5.04 23 X Y 061087B        
55.53 14.25 15 -3.30 3.74 -0.44 -0.52 -1.39 -1.33 23 X Y 061687B        
28.01 36.44 60 0.75 -1.23 0.48 0.09 0.19 0.51 24 X Y 061987D        
24.49 32.55 15 -1.66 8.40 -6.73 -8.43 -5.14 -3.83 23 X Y 062887A        
71.38 36.53 238 1.13 -0.64 -0.49 -1.71 5.57 -0.04 23 X Y 063087A        
63.72 29.65 157 -1.05 -0.10 1.15 -0.38 0.53 -0.61 25 X Y 081087D        
54.87 39.13 29 1.85 -1.30 -0.55 3.40 -1.57 0.93 24 X Y 090787A        
71.97 36.59 98 1.45 -0.99 -0.46 -0.18 0.56 -1.00 25 X Y 100387C        
58.98 32.23 15 8.78 -4.82 -3.97 -2.67 0.60 6.08 23 X Y 112487E        
56.42 27.90 15 -3.38 -2.25 5.63 -3.54 -2.69 1.13 24 X Y 121887C        
52.07 40.31 33 2.92 -1.79 -1.13 1.31 -0.29 1.81 23 X Y 121987A        
75.50 39.01 37 7.98 -7.63 -0.36 5.48 -1.23 -1.46 23 X Y 010688A        
71.01 38.90 15 2.71 -3.23 0.52 0.95 3.01 -2.94 23 X Y 010988C        
46.85 32.33 20 1.45 -0.81 -0.64 1.34 -1.50 1.18 24 X Y 012688A        
21.01 32.41 15 0.08 5.32 -5.40 0.84 2.96 -6.05 23 X Y 012888C        
68.10 30.41 15 -0.35 0.45 -0.10 3.82 2.35 -0.49 24 X Y 031988A        
73.60 38.23 128 -0.89 -0.18 1.08 -0.64 -1.25 -1.37 24 X Y 032688C        
49.84 30.29 15 6.25 -5.52 -0.73 3.03 -1.48 3.06 24 X Y 033088A        
44.00 38.97 15 0.57 -1.60 1.03 -0.10 -1.12 -1.12 24 X Y 042088A        
28.73 40.77 15 -0.77 1.20 -0.43 -3.45 -2.07 -9.57 23 X Y 042488D        
47.83 42.22 15 4.76 -3.31 -1.44 -6.72 5.14 3.35 23 X Y 050388A        
70.28 35.82 128 0.61 -1.02 0.41 0.45 -0.50 -0.54 24 X Y 060388A        
56.10 27.67 15 3.08 -1.32 -1.76 7.52 1.83 1.24 23 X Y 060988A        
77.51 43.01 15 0.77 -0.60 -0.17 -3.57 0.40 -0.68 24 X Y 061788B        
43.08 38.44 15 1.02 -1.62 0.60 0.24 -1.01 -0.78 24 X Y 062588B        
57.46 12.97 15 -2.22 0.71 1.51 0.86 -0.68 -1.86 23 X Y 071088A        
51.52 13.96 15 0.02 2.53 -2.55 0.79 -0.11 1.63 24 X Y 071688D        
72.83 36.91 15 -1.74 0.57 1.18 0.28 -0.48 -1.40 24 X Y 072088B        
70.25 35.74 211 1.67 -2.42 0.75 -0.60 0.65 0.83 24 X Y 080388A        
70.73 36.17 192 1.68 -1.13 -0.55 -1.58 -0.38 -1.43 25 X Y 080688C        
51.06 29.87 15 -0.79 2.31 -1.52 -1.74 -1.91 4.80 24 X Y 081188D        
51.69 30.00 15 -0.22 -0.37 0.60 0.35 -0.57 1.14 25 X Y 081188E        
74.20 39.82 15 1.47 -1.25 -0.22 0.48 -0.38 0.73 24 X Y 081288C        
52.16 35.06 15 1.18 -9.68 8.49 3.03 0.81 0.24 23 X Y 082288D        
52.46 35.71 15 -3.55 1.30 2.25 -4.06 1.54 -3.88 23 X Y 082388B        
51.26 30.07 15 -0.08 -3.59 3.66 2.88 -2.51 3.36 23 X Y 083088B        
26.65 34.51 15 -0.52 -4.20 4.72 -5.96 -0.67 -5.12 23 X Y 090588B        
74.47 39.66 15 3.86 -2.87 -0.99 -2.50 3.06 1.25 23 X Y 092388B        
71.64 37.51 44 -0.58 -1.63 2.22 -0.19 -0.50 -0.07 24 X Y 092588A        
70.46 36.29 221 5.91 -4.29 -1.62 6.28 -2.34 1.46 24 X Y 092588B        
71.45 36.03 115 1.04 -0.10 -0.94 -0.60 1.00 -0.29 24 X Y 092688A        
20.90 37.95 29 -2.18 7.56 -5.39 -1.26 -1.18 3.31 24 X Y 101688D        
70.37 35.76 215 1.60 0.77 -2.38 6.47 -5.71 -6.91 23 X Y 102688A        
28.86 35.38 15 -0.72 0.55 0.17 1.26 -0.36 0.70 24 X Y 112088C        
51.58 30.00 15 -2.08 -0.42 2.50 2.65 -4.28 5.62 24 X Y 120688A        
44.36 41.10 15 0.94 -1.43 0.49 0.83 0.58 -0.34 26 X Y 120788A        
41.10 16.56 15 -0.81 2.04 -1.23 -0.34 -0.70 -2.11 24 X Y 121088C        
71.56 39.72 15 9.38 0.37 -9.74 4.76 1.68 4.91 23 X Y 121488A        
28.32 37.01 15 -1.36 1.60 -0.24 0.71 0.06 0.01 24 X Y 021989E        
29.44 37.76 15 -1.03 1.05 -0.02 0.26 0.08 -0.30 24 X Y 022489A        
25.53 34.51 17 -1.12 1.44 -0.32 3.71 -1.02 -0.12 24 X Y 031789B        
23.53 38.61 15 0.60 1.12 -1.72 0.00 0.00 -0.27 24 X Y 031989D        
24.68 34.06 56 1.10 -2.10 0.99 -0.30 0.89 0.79 24 X Y 032889A        
57.25 27.91 43 8.44 -8.13 -0.31 7.87 2.29 -3.85 23 X Y 040289A        
47.62 32.89 15 -0.10 -0.05 0.15 0.68 -1.02 0.89 24 X Y 040289E        
39.48 12.94 15 -1.60 0.21 1.39 0.54 -0.25 -0.69 24 X Y 041389C        
27.75 36.71 15 -1.63 2.15 -0.52 0.60 -0.10 -0.20 24 X Y 042789D        
27.79 36.95 15 -2.10 2.47 -0.37 0.31 -0.27 -0.40 24 X Y 042889E        
51.42 29.64 15 -1.98 -5.02 7.00 -4.44 -1.45 3.14 23 X Y 050389B        
40.01 38.87 15 0.01 -1.41 1.41 0.00 0.00 -0.52 24 X Y 052089B        
50.69 29.86 15 1.03 -0.70 -0.33 0.25 0.68 0.53 25 X Y 052789D        
21.63 38.05 25 -1.07 3.77 -2.69 2.33 4.65 -3.92 23 X Y 060789A        
26.10 34.30 15 -0.46 0.74 -0.27 2.18 0.38 0.05 24 X Y 061489C        
36.13 36.28 15 -4.61 1.39 3.22 -1.37 -2.46 1.13 23 X Y 062489A        
71.28 35.78 105 7.75 -2.43 -5.31 0.03 5.23 -5.32 24 X Y 072489A        
45.26 43.43 15 5.94 -5.99 0.05 0.56 -0.73 1.65 23 X Y 080389C        
42.04 11.99 16 -5.86 4.63 1.23 0.00 0.00 -3.09 25 X Y 082089B        
41.90 11.86 15 -1.63 1.16 0.47 -0.20 0.58 -0.50 25 X Y 082089C        
21.15 36.95 15 -3.64 7.29 -3.65 -2.96 0.08 1.02 24 X Y 082089D        
41.42 11.32 15 -3.88 3.28 0.60 0.00 0.00 -1.47 24 X Y 082089E        
41.91 12.40 15 -1.39 1.43 -0.03 -0.54 0.19 -0.47 25 X Y 082089F        
41.88 12.19 15 -4.98 4.83 0.15 0.06 0.63 -1.78 25 X Y 082189A        
41.56 12.17 15 -1.43 1.53 -0.10 -0.30 -0.15 -0.32 25 X Y 082189B        
41.71 11.92 15 -4.22 5.31 -1.09 0.00 0.00 -4.15 24 X Y 082189C        
41.18 11.10 15 -9.54 8.85 0.69 -5.15 0.39 -3.13 23 X Y 082189D        
26.28 34.25 15 0.89 -1.45 0.56 2.65 -0.55 -0.49 24 X Y 082789A        
25.66 39.12 15 -0.48 1.06 -0.58 0.82 -0.84 -0.46 24 X Y 090589C        
52.17 40.10 34 -3.26 2.28 0.98 0.36 -2.72 -2.06 25 X Y 091689A        
51.77 40.10 38 -1.90 1.26 0.64 -0.29 0.92 -1.06 25 X Y 091789A        
57.80 29.89 15 -0.35 -6.72 7.06 -0.20 -2.77 3.54 24 X Y 112089A        
48.55 12.83 15 -0.53 2.01 -1.48 0.43 -0.49 0.33 24 X Y 112489D        
58.86 25.59 15 9.06 -4.74 -4.32 -2.90 0.85 4.78 24 X Y 120789A        
53.29 35.58 33 2.37 -1.73 -0.64 3.77 0.02 9.37 24 X Y 012090A        
70.84 36.56 114 1.75 -2.94 1.19 -0.70 -1.09 -0.05 25 X Y 020590A        
66.16 28.66 28 0.02 -0.36 0.34 0.14 0.28 -1.27 25 X Y 030490B        
72.85 37.04 18 -1.26 -0.42 1.67 0.84 -0.75 -0.59 25 X Y 030590B        
72.84 37.18 33 -0.85 -0.31 1.15 0.72 -0.64 -0.37 24 X Y 030690B        
73.08 37.20 17 -5.89 -0.92 6.80 0.63 0.03 -0.76 23 X Y 030690C        
60.30 31.44 15 0.22 2.15 -2.37 0.03 0.95 5.85 23 X Y 031590A        
56.99 33.34 15 1.02 5.97 -6.99 0.00 0.00 0.42 23 X Y 032590A        
73.09 39.04 22 -0.10 -0.23 0.33 -0.12 0.74 -1.02 24 X Y 032990C        
68.36 33.06 15 -1.70 2.15 -0.45 -2.96 -0.79 -4.36 23 X Y 040290B        
74.78 39.29 15 0.86 -8.82 7.96 1.67 -8.04 -3.72 24 X Y 041790A        
69.52 34.16 33 -0.57 0.03 0.54 0.28 -0.43 -1.05 24 X Y 041990D        
39.70 39.92 15 0.07 -1.32 1.25 0.00 0.00 -0.78 24 X Y 042090D        
66.46 28.70 15 -0.01 0.38 -0.38 -1.33 0.43 -1.81 24 X Y 042790B        
70.09 35.44 113 8.35 -7.82 -0.52 6.84 -1.07 -5.95 24 X Y 051590A        
74.58 38.12 116 0.41 -3.59 3.18 1.07 1.66 -2.49 24 X Y 051790C        
20.44 38.70 15 2.21 -0.81 -1.40 0.53 -0.25 1.53 24 X Y 061690B        
65.25 26.75 15 0.44 -1.51 1.07 0.53 -0.56 -0.92 25 X Y 061790A        
65.62 27.34 15 0.37 -1.87 1.50 -0.62 -1.24 -1.25 24 X Y 061790B        
49.52 36.95 15 2.42 6.99 -9.41 -8.73 -1.22 6.40 26 X Y 062090B        
49.77 36.51 15 2.69 1.70 -4.39 -0.50 3.36 -0.37 24 X Y 062190A        
48.91 36.08 15 0.15 0.89 -1.04 0.04 0.76 -0.18 24 X Y 062490B        
68.93 37.45 15 -1.10 -1.30 2.40 9.00 -3.86 -7.17 23 X Y 070590A        
49.48 37.05 15 1.04 0.43 -1.47 -0.74 7.57 5.79 23 X Y 070690E        
26.24 34.45 33 -1.21 0.53 0.68 0.45 -0.86 -0.66 24 X Y 070990A        
70.61 36.68 217 2.28 -1.90 -0.38 3.11 -0.54 0.34 25 X Y 071390C        
29.64 37.00 15 -1.90 2.33 -0.43 0.11 -0.49 0.42 24 X Y 071890C        
65.81 27.44 15 -0.02 -5.60 5.62 2.86 -1.99 -3.79 24 X Y 072690B        
48.24 32.80 15 7.92 -7.16 -0.75 -3.04 5.80 4.56 23 X Y 080390B        
65.80 26.93 15 -0.20 -0.79 0.99 0.45 0.51 -1.52 24 X Y 081490A        
70.45 36.38 208 3.32 -3.55 0.23 8.13 -1.99 1.54 23 X Y 090390B        
66.23 27.55 15 0.59 -1.38 0.79 0.31 -0.35 -1.74 24 X Y 090890C        
59.11 14.53 15 -1.39 1.29 0.09 -1.15 0.12 0.09 24 X Y 091290C        
51.06 13.66 15 -0.04 1.61 -1.57 0.00 0.00 1.18 24 X Y 091490C        
60.51 29.06 15 -0.25 0.99 -0.75 0.00 0.00 2.80 24 X Y 092690B        
47.89 32.41 15 3.56 -2.21 -1.35 0.00 0.00 1.71 23 X Y 101190B        
56.74 33.56 15 4.38 -2.22 -2.16 0.68 1.71 3.04 23 X Y 101590C        
70.74 35.19 136 5.35 -5.04 -0.32 2.01 2.35 -2.63 24 X Y 102590B        
54.13 14.95 15 -0.22 7.95 -7.73 0.00 0.00 3.69 23 X Y 110390B        
71.01 39.15 15 1.20 -0.70 -0.50 0.68 0.21 -0.78 24 X Y 110390D        
55.25 28.06 15 7.71 -7.79 0.08 2.28 1.81 -0.90 25 X Y 110690C        
71.17 35.92 227 3.51 -0.57 -2.94 2.08 3.80 -3.07 23 X Y 111290A        
78.24 43.18 15 0.62 -2.41 1.78 0.76 -1.75 -1.66 25 X Y 111290B        
65.84 27.45 29 0.74 -1.25 0.52 0.82 -1.76 -1.40 24 X Y 111490A        
73.41 40.62 32 4.98 -6.03 1.04 4.02 -3.23 -3.34 23 X Y 120190A        
43.18 40.53 18 -0.74 -1.10 1.83 0.00 -0.29 0.76 24 X Y 121690A        
51.31 29.05 15 2.62 -0.45 -2.17 1.67 -2.28 1.83 24 X Y 121690C        
70.48 38.03 77 -0.23 -0.01 0.24 -0.33 -0.05 -2.89 24 X Y 122090A        
22.28 40.27 15 -1.50 1.17 0.33 -0.11 -0.40 0.94 25 X Y 122190C        
70.23 36.01 126 1.25 -1.07 -0.17 1.85 -0.09 -0.24 26 X Y 013191B        
70.48 35.90 146 -0.04 -0.40 0.44 -1.65 -0.89 -0.91 24 X Y 022391B        
79.20 40.34 15 1.32 -1.06 -0.27 0.24 0.03 -0.48 25 X Y 022591B        
30.73 36.75 123 4.89 -5.19 0.30 -2.29 -1.46 2.12 23 X Y 031191B        
26.13 34.60 15 -1.14 -0.63 1.76 -0.45 -1.54 1.64 24 X Y 031991A        
70.43 35.86 209 3.18 -3.69 0.51 4.36 -5.42 2.43 23 X Y 032391A        
35.77 37.54 15 -7.54 -1.27 8.82 -6.35 -7.66 0.49 23 X Y 041091A        
71.54 36.12 128 0.68 -1.10 0.41 -0.60 0.31 -0.49 24 X Y 041591A        
71.18 36.03 151 4.86 -5.60 0.74 4.32 3.59 0.83 23 X Y 041691B        
67.68 37.28 15 1.03 0.17 -1.20 0.32 1.57 0.21 24 X Y 041891B        
70.35 38.87 33 5.55 -1.97 -3.57 3.63 -0.29 -5.05 23 X Y 042691C        
69.94 35.93 222 4.02 -5.30 1.28 -1.64 -0.46 0.96 23 X Y 042791B        
43.61 42.60 22 3.49 -2.80 -0.69 0.89 0.70 0.33 26 X Y 042991B        
43.75 42.38 15 1.55 -1.40 -0.16 0.14 0.33 -0.47 25 X Y 042991D        
42.94 42.54 15 2.65 -2.26 -0.39 0.97 1.49 0.94 24 X Y 050391B        
47.48 12.84 15 -0.34 1.53 -1.19 0.02 -0.17 0.29 24 X Y 051191C        
47.07 12.67 15 -1.54 2.36 -0.82 0.00 0.00 -0.31 24 X Y 051291B        
55.43 27.04 15 1.20 -0.89 -0.30 0.19 0.44 0.33 24 X Y 052291B        
42.82 40.22 15 -1.57 -3.92 5.49 0.00 0.00 -4.09 23 X Y 060391C        
43.07 42.58 15 2.00 0.76 -2.76 1.17 0.69 0.83 25 X Y 061591A        
21.17 38.42 31 -9.23 9.05 0.18 -0.08 -0.95 -4.34 23 X Y 062691B        
44.25 42.60 20 1.51 -0.14 -1.37 0.40 0.60 0.27 24 X Y 070491A        
70.74 36.12 228 0.91 -1.14 0.23 0.22 0.26 -0.03 26 X Y 071491A        
22.43 44.88 15 -2.34 2.73 -0.39 -0.35 -1.20 -0.52 24 X Y 071891E        
20.93 44.79 15 0.32 2.48 -2.80 -0.84 2.06 3.62 23 X Y 071991B        
43.77 36.40 15 1.91 -0.93 -0.99 0.80 0.35 1.08 24 X Y 072491D        
72.08 37.46 142 1.05 -0.49 -0.57 -6.34 -7.03 -0.05 23 X Y 082091B        
43.85 41.29 16 -0.51 -4.30 4.82 -1.65 0.91 -2.19 23 X Y 100691B        
28.52 35.17 33 -1.44 -1.70 3.14 1.06 1.30 3.52 23 X Y 101891B        
78.24 30.22 15 0.68 -0.54 -0.14 1.49 -0.57 0.44 26 X Y 101991G        
49.71 30.06 22 2.59 -1.06 -1.53 -0.37 0.22 2.27 24 X Y 110491A        
70.70 26.47 22 0.93 -1.43 0.50 -0.44 0.35 -0.19 24 X Y 110891C        
49.33 36.88 15 2.41 0.10 -2.52 -0.89 1.69 -0.89 24 X Y 112891B        
32.27 36.49 118 -3.36 4.28 -0.92 4.87 2.29 3.11 23 X Y 120591F        
62.94 25.08 15 0.56 -0.57 0.02 2.79 0.26 0.21 24 X Y 120791E        
57.06 27.97 15 0.54 -1.14 0.60 0.99 -0.06 -0.50 24 X Y 121991J        
69.94 31.66 29 0.69 0.33 -1.02 0.43 1.20 -0.34 24 X Y 010492B        
65.93 27.37 15 0.11 -0.75 0.64 0.24 -0.69 -1.77 24 X Y 012092A        
67.49 26.90 15 1.48 -0.29 -1.19 -0.31 0.04 -0.54 24 X Y 012192E        
74.45 35.13 103 0.28 -0.24 -0.04 0.04 -0.12 1.68 24 X Y 012492A        
62.88 24.25 15 1.84 -2.11 0.27 6.32 0.98 0.39 24 X Y 013092C        
66.92 31.42 15 -0.28 -1.55 1.83 0.10 0.02 -1.02 24 X Y 020592E        
57.56 11.84 15 0.04 -7.49 7.46 0.36 -2.93 -4.77 24 X Y 022692A        
50.71 31.64 33 1.66 -5.89 4.23 -0.26 -0.85 -2.43 23 X Y 030492C        
42.98 11.75 16 -0.62 2.73 -2.11 -0.88 -0.11 -0.67 25 X Y 030592C        
39.57 39.94 15 -0.12 -0.99 1.12 0.04 -0.15 -0.46 26 X Y 031392D        
39.84 39.52 15 2.74 -7.66 4.93 -0.46 1.85 3.46 24 X Y 031592D        
24.16 36.85 15 -6.45 5.85 0.60 0.00 0.00 -2.78 23 X Y 032092A        
67.36 26.75 15 2.55 0.34 -2.89 -0.09 -1.26 -0.12 23 X Y 032892D        
65.97 27.47 15 2.65 -7.19 4.55 3.15 -8.62 -7.23 24 X Y 042492C        
26.20 35.04 33 -4.41 -1.02 5.44 -0.71 -1.32 0.27 24 X Y 043092B        
39.82 38.71 15 -3.91 -4.31 8.22 0.00 0.00 -1.16 23 X Y 050792B        
72.59 37.29 15 -4.12 -1.86 5.98 1.08 -0.67 -2.84 24 X Y 051092A        
55.35 28.05 15 2.75 -2.56 -0.19 0.41 0.44 -1.11 24 X Y 051992C        
71.27 32.95 15 0.24 -0.22 -0.02 1.31 0.52 -0.13 25 X Y 052092E        
50.48 13.28 15 -7.53 7.33 0.20 0.00 0.00 -1.84 23 X Y 052192A        
24.68 39.88 15 -0.59 0.69 -0.10 -0.17 1.17 -1.02 24 X Y 072392D        
69.52 35.28 132 7.66 -2.88 -4.78 -0.14 0.13 2.22 23 X Y 081092F        
73.32 42.19 17 6.73 -6.33 -0.40 3.81 -0.56 -1.23 26 X Y 081992B        
66.69 28.43 15 -0.03 -1.96 1.99 -0.39 -0.92 -1.33 24 X Y 082892A        
51.11 29.96 15 9.16 -4.19 -4.97 2.40 -5.32 7.34 23 X Y 091192C        
60.76 30.07 33 5.20 -5.09 -0.12 -4.34 5.13 2.48 23 X Y 091192F        
53.00 36.67 33 4.13 -4.23 0.10 0.23 -0.77 0.63 23 X Y 092292A        
30.63 29.74 22 -5.53 3.51 2.02 1.13 0.46 -2.44 24 X Y 101292B        
45.01 42.67 15 1.33 -1.63 0.30 4.24 2.01 0.27 25 X Y 102392Q        
72.58 41.20 19 2.37 -1.41 -0.97 2.16 -1.06 1.48 23 X Y 110692B        
26.98 37.84 24 -0.42 1.46 -1.03 0.24 0.12 -0.59 25 X Y 110692F        
70.78 36.57 188 1.26 -1.24 -0.01 1.37 2.32 -1.14 24 X Y 111292F        
67.18 33.15 33 -4.76 0.75 4.01 -2.06 -1.66 0.81 23 X Y 111792A        
22.60 38.09 15 -8.05 8.80 -0.75 -0.68 0.85 -0.25 24 X Y 111892H        
22.80 35.72 70 2.16 -3.31 1.14 4.99 -2.14 -5.96 24 X Y 112192C        
72.38 38.70 44 -1.95 -0.97 2.92 0.65 -1.69 0.33 24 X Y 112392C        
59.77 37.36 24 1.67 -5.18 3.50 -3.52 -1.62 9.09 23 X Y 112792H        
71.86 37.35 131 -2.74 1.45 1.29 -3.62 -2.25 1.32 24 X Y 120492E        
56.88 10.45 15 0.09 -3.07 2.99 0.44 -1.42 -1.69 24 X Y 120692B        
61.43 25.68 37 2.56 0.57 -3.13 2.71 0.80 2.04 24 X Y 121792B        
68.52 37.30 29 5.42 0.42 -5.84 -1.22 -0.02 3.49 23 X Y 121792E        
72.23 42.45 26 1.08 -1.11 0.03 -0.48 0.55 0.14 24 X Y 122492D        
70.78 36.22 94 9.41 -2.22 -7.19 -0.39 -7.41 -8.61 23 X Y 122692D        
67.42 26.59 33 3.22 0.61 -3.82 4.71 1.51 -1.81 23 X Y 122892E        
52.02 29.31 15 -0.49 -0.76 1.25 -0.03 -0.40 1.04 24 X Y 010693C        
49.33 13.26 15 -1.04 1.59 -0.54 -1.25 0.24 0.42 24 X Y 010893D        
42.15 35.19 33 -0.14 -0.91 1.05 -0.80 -0.00 0.77 24 X Y 021793C        
21.41 36.90 37 7.59 -2.89 -4.69 3.99 1.05 1.89 23 X Y 030593B        
38.34 19.39 15 -8.15 2.63 5.52 3.13 -3.19 -4.60 23 X Y 031293B        
38.68 19.76 15 -3.94 1.49 2.46 0.00 0.00 -2.22 23 X Y 031293G        
38.55 19.42 15 -3.52 1.42 2.10 0.59 -0.37 -2.01 24 X Y 031393F        
38.74 19.65 15 -2.46 2.35 0.11 0.00 0.00 -2.07 23 X Y 031493B        
38.61 19.18 15 -8.02 2.50 5.53 0.49 -3.46 -6.11 23 X Y 031693A        
41.82 11.49 15 -2.86 2.51 0.34 -1.07 0.14 -1.68 24 X Y 031693C        
21.79 38.05 49 3.46 -2.52 -0.95 3.27 -1.56 4.04 24 X Y 031893C        
34.41 34.74 15 1.09 -0.26 -0.83 1.17 -0.08 0.18 24 X Y 032293C        
38.59 19.43 15 -4.59 2.25 2.33 0.00 0.00 -2.29 23 X Y 032293F        
38.39 19.85 16 -6.69 3.76 2.94 0.00 0.00 -5.32 23 X Y 032393A        
71.07 35.72 97 4.06 -1.74 -2.32 -0.25 2.89 -3.70 23 X Y 032593D        
21.18 37.61 15 0.52 1.05 -1.57 0.09 0.80 0.57 24 X Y 032693D        
50.65 30.54 33 2.04 -5.09 3.05 -1.76 0.82 2.81 23 X Y 032693F        
52.30 27.98 40 5.41 -5.01 -0.40 -3.39 2.77 2.78 23 X Y 032993G        
78.15 35.81 15 -0.76 0.75 0.01 1.58 -2.13 6.80 23 X Y 040893B        
57.15 28.39 33 3.27 -3.02 -0.25 0.21 0.20 0.99 23 X Y 041293C        
40.14 14.52 15 -8.28 0.53 7.75 0.00 0.00 -3.79 23 X Y 050693E        
20.14 39.03 15 1.03 -0.45 -0.58 0.13 0.19 0.51 24 X Y 061393C        
77.53 35.19 15 -1.06 1.49 -0.43 -0.42 0.98 3.84 23 X Y 061593D        
50.40 30.01 15 1.01 -0.62 -0.39 -0.95 0.04 0.12 24 X Y 062293C        
55.51 28.45 23 5.04 -5.68 0.65 -4.79 -1.77 0.27 23 X Y 070993C        
21.67 38.17 20 -0.05 2.69 -2.64 0.26 1.55 -0.99 24 X Y 071493B        
70.81 36.51 279 -1.62 -0.53 2.14 2.36 -0.01 2.26 24 X Y 072393A        
31.35 15.37 15 -0.81 0.80 0.01 0.77 0.10 -1.97 24 X Y 080193A        
34.40 28.62 15 -1.33 -0.13 1.46 -0.17 -0.83 -0.68 25 X Y 080393G        
34.08 28.36 15 -1.60 -0.17 1.77 0.26 -4.26 -0.74 24 X Y 080393N        
70.59 36.35 210 1.91 -1.73 -0.18 2.59 -0.99 0.66 25 X Y 080993F        
70.47 36.48 214 2.71 -2.38 -0.32 2.26 -1.06 0.31 26 X Y 080993G        
49.49 41.74 82 5.55 -7.48 1.92 5.50 -2.84 -3.76 23 X Y 083193B        
70.51 36.16 190 6.47 -5.94 -0.53 5.39 5.10 -1.91 24 X Y 090493E        
71.80 36.48 118 0.99 0.43 -1.42 -0.48 0.64 -0.79 25 X Y 091893G        
40.05 11.19 15 -1.51 -0.25 1.76 2.26 2.91 -2.05 24 X Y 092193H        
76.55 18.11 15 2.10 -1.63 -0.47 -0.31 -0.55 0.93 25 X Y 092993K        
50.29 13.48 15 -4.32 5.93 -1.62 3.37 0.31 -3.15 23 X Y 101293B        
50.95 30.36 15 3.51 -3.48 -0.03 -0.53 -0.40 0.49 23 X Y 102193C        
22.03 38.12 15 -1.12 1.01 0.11 0.34 -0.21 0.02 24 X Y 110493B        
53.58 14.94 15 -0.25 2.17 -1.91 -0.57 -0.59 1.91 24 X Y 110993A        
66.88 30.54 33 0.13 -2.32 2.19 -0.39 -0.62 -2.08 24 X Y 111693B        
76.50 39.73 19 0.33 -2.79 2.46 0.57 -0.51 -0.57 24 X Y 113093E        
73.72 17.41 15 -4.54 0.70 3.84 -3.04 2.05 1.47 23 X Y 120893B        
78.76 44.95 21 1.02 -1.73 0.71 -0.04 0.88 -0.69 24 X Y 123093B        
71.46 37.30 106 -4.33 3.51 0.82 -1.70 -2.86 2.43 23 X Y 010294A        
21.58 35.70 33 0.96 -1.54 0.58 0.18 0.65 1.26 24 X Y 011194B        
76.53 39.15 32 0.87 -1.97 1.10 -0.03 1.12 -0.51 24 X Y 011294E        
27.01 38.97 15 -1.64 1.41 0.23 0.00 0.00 -0.41 24 X Y 012894C        
56.28 14.48 15 -2.35 0.98 1.37 -4.63 -6.00 -6.80 23 X Y 021894F        
60.50 30.83 15 1.56 -0.60 -0.97 -0.52 0.49 0.76 25 X Y 022394B        
60.61 30.87 15 1.73 -1.24 -0.49 -0.57 1.13 0.97 24 X Y 022394C        
60.52 30.73 15 3.15 -0.81 -2.34 -0.68 0.02 1.55 25 X Y 022494A        
20.50 38.63 33 0.07 0.23 -0.30 0.70 -0.02 1.15 24 X Y 022594B        
60.44 30.59 15 9.19 -1.48 -7.71 -6.77 4.45 7.83 24 X Y 022694A        
60.48 30.77 15 2.73 -1.36 -1.37 -1.12 1.05 1.26 24 X Y 022894B        
52.42 28.75 17 -0.31 -1.21 1.52 -0.10 -0.03 0.05 25 X Y 030194A        
68.33 36.61 33 4.73 -1.75 -2.98 -2.07 2.16 1.82 23 X Y 030594A        
51.23 29.08 33 4.86 -1.52 -3.33 1.23 -0.48 2.92 23 X Y 032994A        
52.60 28.96 33 -0.14 -1.26 1.40 -0.34 -0.44 0.67 24 X Y 033094D        
52.72 29.01 33 -0.42 -7.02 7.43 -3.27 1.14 1.20 23 X Y 040394B        
43.15 11.82 15 -0.25 1.01 -0.76 -0.16 -0.09 -0.09 25 X Y 041194B        
43.03 11.85 15 -2.21 2.51 -0.29 1.24 0.16 -0.87 24 X Y 042494B        
66.85 37.10 24 1.26 -1.91 0.65 -0.09 -0.28 -0.23 25 X Y 050194B        
71.63 39.12 33 4.21 0.25 -4.46 -3.03 -3.90 -1.83 23 X Y 050194G        
79.02 40.25 33 4.74 -2.63 -2.10 0.50 -0.92 -0.49 23 X Y 050994A        
24.89 35.02 81 0.60 0.06 -0.66 0.51 -0.16 -1.26 25 X Y 052394D        
26.23 38.66 21 -1.56 2.35 -0.79 0.14 0.55 -1.12 24 X Y 052494A        
52.44 29.06 15 -0.72 -3.95 4.66 1.36 -2.77 6.03 24 X Y 062094A        
71.00 36.34 254 3.30 -1.13 -2.16 0.05 0.68 -1.02 25 X Y 063094C        
53.43 40.01 57 2.45 -2.52 0.07 1.68 -0.34 -0.37 24 X Y 070194B        
53.47 40.14 50 6.71 -6.43 -0.28 3.21 1.03 1.06 23 X Y 070194D        
70.36 36.60 226 2.17 -1.90 -0.28 6.43 -0.81 1.88 23 X Y 071094B        
71.31 37.27 130 -2.51 6.02 -3.50 -3.16 -6.43 -0.26 23 X Y 072494F        
48.00 32.53 18 2.41 -1.88 -0.53 0.78 0.51 0.80 24 X Y 073194A        
79.37 40.37 15 6.93 -5.75 -1.18 -0.82 -6.51 -2.34 23 X Y 082394D        
48.60 32.18 15 6.14 -5.46 -0.68 -4.90 1.45 1.30 23 X Y 092094A        
68.97 36.50 15 1.13 0.21 -1.34 -1.16 -0.58 -0.71 24 X Y 102194A        
71.00 36.25 258 7.96 -6.49 -1.47 1.23 2.54 -0.85 24 X Y 102594B        
28.02 37.12 15 -1.40 0.70 0.70 0.38 -0.19 -0.41 24 X Y 111394B        
39.07 35.36 15 -0.10 -0.93 1.03 -0.38 -0.64 0.31 24 X Y 112094I        
20.49 38.61 15 -0.47 1.06 -0.59 0.00 0.00 4.77 23 X Y 112994B        
65.19 28.05 39 -4.54 2.84 1.70 -3.44 -0.27 3.96 23 X Y 121094E        
58.66 35.56 33 4.05 -6.41 2.36 5.84 1.25 2.61 23 X Y 121494E        
70.89 36.16 224 9.00 -4.84 -4.16 3.19 9.07 -5.14 23 X Y 122694D        
55.65 27.64 15 2.84 -1.23 -1.61 2.18 -0.53 -0.61 23 X Y 012495A        
71.53 36.24 106 3.88 -1.30 -2.58 -0.05 5.13 -4.63 23 X Y 012695C        
71.36 37.17 130 1.71 -6.82 5.11 1.25 -7.64 -5.39 23 X Y 012995A        
40.17 40.04 33 -1.57 -5.48 7.05 1.71 -2.30 -3.49 23 X Y 012995C        
70.84 39.62 27 -0.10 -0.55 0.65 -3.34 -1.07 -9.09 23 X Y 022095B        
72.40 41.73 33 3.84 -3.81 -0.03 2.10 1.71 -1.12 23 X Y 022095D        
32.44 35.02 15 3.51 -0.63 -2.88 0.18 6.92 -2.55 24 X Y 022395G        
49.46 30.87 40 8.20 -5.28 -2.92 -2.43 3.97 4.67 23 X Y 042295A        
23.60 40.30 15 -8.39 9.03 -0.64 -1.21 6.26 -2.62 23 X Y 050495A        
21.90 39.89 15 -7.37 6.68 0.69 0.13 0.68 2.89 25 X Y 051395B        
21.52 39.80 15 -5.68 5.43 0.25 3.46 -1.35 1.49 23 X Y 051595B        
70.67 36.67 182 3.49 -3.55 0.06 -4.61 -0.96 -1.98 24 X Y 051695A        
21.58 39.98 15 -5.03 4.29 0.74 0.88 -2.40 2.58 23 X Y 051995A        
57.55 11.75 15 0.16 -4.83 4.68 2.32 -1.27 -2.72 25 X Y 052695A        
32.63 34.89 15 5.67 -1.02 -4.65 -1.07 9.48 -2.46 23 X Y 052995A        
67.84 30.80 15 -0.47 0.44 0.03 2.32 0.88 0.15 24 X Y 053195B        
57.88 12.38 15 0.52 -5.03 4.50 2.87 0.92 -5.17 23 X Y 060595C        
70.13 32.44 16 2.23 -1.48 -0.75 2.35 0.50 -1.46 24 X Y 061195C        
22.46 38.10 15 -5.69 6.12 -0.43 -0.49 0.85 -0.38 25 X Y 061595A        
57.75 12.56 15 -5.02 2.49 2.53 8.15 -2.43 -4.11 23 X Y 070195A        
21.46 39.83 15 -6.07 6.04 0.03 2.80 -0.39 1.47 23 X Y 071795C        
71.18 36.22 244 1.88 -1.03 -0.85 -0.52 2.76 -0.90 24 X Y 081795P        
29.68 38.06 15 -4.22 2.58 1.64 1.75 -1.63 -1.73 25 X Y 100195B        
71.87 41.23 20 4.14 -3.74 -0.40 1.14 -1.27 -0.50 24 X Y 100895B        
49.53 37.06 15 1.13 3.64 -4.77 0.06 -4.61 -2.90 23 X Y 101595A        
70.45 36.18 238 1.62 -1.80 0.18 -1.39 -0.26 -0.22 25 X Y 101895A        
52.23 39.93 26 -0.54 1.70 -1.17 0.40 -1.57 -0.10 24 X Y 102995B        
71.30 37.22 81 1.48 0.49 -1.97 0.01 2.00 -0.57 23 X Y 111695A        
34.73 29.07 18 -1.36 -3.26 4.62 3.89 0.09 -4.49 26 X Y 112295A        
34.21 28.32 15 -2.20 -6.68 8.89 3.77 -2.41 -7.87 23 X Y 112295E        
34.48 29.31 15 -0.24 -2.08 2.32 0.73 -0.91 -2.96 24 X Y 112395C        
39.67 39.41 15 0.27 -4.80 4.53 -0.26 -3.12 0.69 24 X Y 120595K        
55.52 14.68 15 -0.88 1.01 -0.12 0.00 0.00 -0.04 24 X Y 120795G        
24.15 34.79 15 0.40 -0.41 0.01 2.61 -0.75 0.31 24 X Y 120795H        
23.37 34.37 21 6.74 -5.07 -1.67 5.38 -4.26 2.17 23 X Y 121095A        
73.26 38.40 33 -7.73 0.67 7.06 2.22 -3.85 -1.68 23 X Y 122395B        
78.16 37.72 33 4.13 -2.76 -1.36 -4.30 1.39 2.13 23 X Y 122495B        
69.98 36.61 220 1.10 -0.58 -0.51 2.24 -0.69 -0.57 24 X Y 122595C        
48.72 39.03 15 2.44 -1.91 -0.53 8.73 8.64 -0.18 23 X Y 010396B        
77.98 42.10 20 7.62 -3.98 -3.64 -0.74 -4.18 -2.10 23 X Y 011896B        
34.37 29.03 15 -1.01 0.45 0.56 0.24 -0.56 -0.42 24 X Y 022196A        
57.35 35.65 33 0.05 -0.43 0.38 0.20 0.37 1.29 24 X Y 022596H        
57.22 35.85 33 2.52 -5.61 3.10 0.09 -1.53 8.67 23 X Y 022596I        
57.09 28.32 33 0.06 -0.77 0.70 2.25 -0.47 0.45 24 X Y 022696E        
55.35 14.75 15 -4.58 3.77 0.81 5.31 -1.76 0.50 23 X Y 031496F        
76.80 39.93 22 2.67 -2.66 -0.01 2.18 0.98 -0.35 25 X Y 031996B        
57.72 12.01 15 -0.06 -1.15 1.21 0.56 -0.42 -0.82 25 X Y 032896C        
73.12 31.32 92 7.07 -6.69 -0.38 -3.19 -0.88 0.14 23 X Y 040196D        
26.94 37.83 15 -1.26 1.35 -0.09 -0.26 0.74 -0.37 24 X Y 040296C        
27.14 36.47 152 0.52 -5.49 4.97 3.12 5.38 1.26 23 X Y 041296B        
28.04 36.37 128 0.05 0.17 -0.22 1.37 -0.61 0.89 24 X Y 042696B        
53.12 27.74 15 5.13 -5.06 -0.08 -5.21 1.88 1.90 23 X Y 052496A        
69.00 28.61 33 0.16 -4.84 4.68 2.21 1.75 -1.45 23 X Y 062196A        
26.92 36.07 15 -2.26 0.32 1.93 -0.53 -0.45 0.84 25 X Y 072096A        
26.91 36.11 15 -4.30 1.41 2.89 -0.35 -1.50 2.04 23 X Y 072296A        
68.19 36.08 36 4.17 -1.67 -2.50 -0.93 -0.07 -1.24 23 X Y 072496D        
20.77 39.92 15 -9.91 2.98 6.93 -0.22 -3.28 3.11 23 X Y 072696B        
67.63 29.29 33 4.36 -2.69 -1.67 1.35 5.18 -1.92 23 X Y 080296A        
35.02 40.52 15 -0.83 -3.10 3.92 -0.02 -1.81 -2.43 24 X Y 081496A        
35.18 40.86 15 1.04 -2.52 1.48 1.61 0.46 -2.56 24 X Y 081496B        
70.59 35.96 128 0.64 -1.40 0.76 6.11 -3.18 -0.05 24 X Y 091496D        
57.89 12.30 15 -0.29 -3.77 4.07 1.51 -0.19 -2.61 25 X Y 100196F        
32.09 34.50 23 -0.51 1.97 -1.46 0.78 -0.08 -0.25 26 X Y 100996B        
31.34 34.58 19 0.10 3.34 -3.44 3.48 0.89 0.47 24 X Y 101096B        
32.03 34.75 33 -1.83 6.81 -4.98 4.26 0.07 -1.74 23 X Y 101096C        
57.69 27.26 15 9.11 -6.37 -2.74 8.01 -4.39 1.58 23 X Y 101896E        
38.94 19.13 15 -5.66 2.13 3.53 6.30 -4.82 -3.51 23 X Y 110296B        
51.12 29.76 33 0.57 -1.57 1.00 -4.11 0.88 7.36 23 X Y 111896B        
77.86 35.45 15 -0.24 0.28 -0.05 -0.90 -0.60 2.16 26 X Y 111996B        
76.84 39.00 33 2.38 -0.48 -1.90 2.56 -2.35 1.13 23 X Y 112396A        
32.03 34.47 33 -2.55 9.77 -7.22 3.38 -7.84 -3.72 23 X Y 112796A        
38.31 34.30 29 0.17 -1.81 1.64 0.02 -0.59 0.88 24 X Y 122496C        
74.16 41.00 15 4.99 -4.49 -0.50 2.59 1.81 -0.11 24 X Y 010997F        
31.74 34.09 33 0.13 1.01 -1.14 -0.73 1.17 3.60 24 X Y 011397C        
77.26 39.51 33 -0.05 -7.45 7.50 1.71 1.11 -0.04 24 X Y 012197B        
28.33 37.98 18 -4.65 4.90 -0.25 3.14 -5.12 -1.72 23 X Y 012197C        
35.77 36.01 15 -1.21 -2.12 3.33 -0.22 -3.20 1.74 24 X Y 012297C        
77.42 38.97 33 1.40 -5.58 4.18 -4.24 2.80 -0.83 23 X Y 012997A        
57.54 37.99 15 0.31 -0.92 0.61 0.14 0.79 1.29 24 X Y 020497B        
57.50 37.82 15 -0.18 -5.87 6.05 1.49 -0.29 2.71 25 X Y 020497C        
57.58 37.84 15 1.42 1.12 -2.54 -1.55 0.97 7.37 23 X Y 020597A        
68.13 29.74 15 2.24 -2.41 0.17 4.58 0.54 0.53 26 X Y 022797E        
48.06 38.30 15 -0.30 -0.29 0.59 1.01 0.26 -1.30 25 X Y 022897D        
76.89 39.40 22 -0.97 0.43 0.55 -0.40 0.19 3.30 24 X Y 030197A        
47.87 37.86 15 0.80 -5.96 5.16 8.67 -0.83 -5.12 23 X Y 030297E        
68.65 28.95 33 0.72 -4.69 3.97 -0.89 -0.92 0.75 24 X Y 030497E        
43.64 11.90 15 -0.76 1.04 -0.27 0.08 -0.69 -0.48 24 X Y 030897C        
43.75 12.04 15 -1.32 2.74 -1.42 -0.54 -0.10 -0.31 24 X Y 030997C        
67.79 30.79 15 -1.95 1.90 0.05 7.62 1.86 0.49 24 X Y 032097C        
76.93 39.41 33 -3.12 -2.95 6.07 -1.22 -1.65 6.05 24 X Y 040597G        
77.03 39.52 15 -6.08 2.09 3.99 1.12 -5.95 6.73 24 X Y 040697A        
76.99 39.48 33 -8.35 2.18 6.17 1.03 -4.71 3.68 23 X Y 040697C        
76.93 39.61 15 -1.36 0.19 1.18 0.14 -1.15 1.12 25 X Y 041197C        
77.20 39.64 16 -9.41 4.86 4.56 2.11 -2.18 6.10 23 X Y 041297C        
76.99 39.69 23 -3.53 -0.90 4.43 -1.22 -0.49 5.70 24 X Y 041597F        
57.01 27.64 19 1.24 -2.63 1.39 0.75 -0.45 -1.12 24 X Y 041997B        
53.42 27.16 15 4.00 -3.29 -0.70 -0.05 3.72 -0.05 23 X Y 050597C        
51.79 40.46 63 -6.32 5.41 0.92 -0.83 2.05 -5.32 23 X Y 050797B        
60.02 33.58 15 0.33 -5.27 4.94 0.46 -0.80 5.20 26 X Y 051097C        
70.68 36.51 189 4.09 -4.13 0.04 1.09 2.28 -1.40 25 X Y 051397C        
20.14 41.06 20 -0.75 -0.37 1.11 0.45 -0.73 0.10 24 X Y 051697A        
78.06 37.18 33 2.63 -2.69 0.06 -2.70 1.30 1.82 23 X Y 053097A        
51.72 14.43 15 -0.08 1.10 -1.02 0.24 0.00 0.94 24 X Y 060797A        
60.07 33.29 15 2.74 -2.40 -0.34 -2.08 0.25 2.71 23 X Y 061697A        
68.07 29.72 33 5.23 -5.71 0.48 4.28 0.41 -1.54 23 X Y 061797C        
59.97 32.19 15 -0.20 0.86 -0.66 -0.10 0.03 2.30 24 X Y 062097B        
77.18 39.80 34 -2.18 -1.79 3.97 1.13 0.05 4.48 23 X Y 062497A        
59.43 34.04 15 0.96 -0.10 -0.86 -2.32 -1.12 6.88 24 X Y 062597G        
20.91 35.49 33 -0.31 -0.53 0.84 0.10 -1.10 -2.17 24 X Y 072797D        
56.56 27.41 33 0.51 -3.67 3.17 -0.13 -1.46 -4.46 23 X Y 072797H        
70.55 36.32 49 2.84 -1.62 -1.22 -0.50 0.63 -1.31 23 X Y 081397A        
67.99 29.71 23 2.46 -2.92 0.46 1.90 -0.33 -0.12 24 X Y 082497C        
67.92 29.50 18 1.18 -1.28 0.10 0.79 -0.05 0.22 24 X Y 090797B        
54.84 27.49 15 2.80 -5.04 2.25 -6.49 -5.93 3.54 23 X Y 100397E        
22.04 36.10 44 2.90 -2.51 -0.39 3.36 -1.84 1.60 25 X Y 101397A        
77.07 39.59 33 -1.47 -6.87 8.34 1.53 1.37 8.88 23 X Y 101797D        
57.45 27.98 33 0.94 -0.87 -0.08 1.17 0.42 0.13 24 X Y 102097D        
23.62 34.61 40 0.63 -0.18 -0.45 1.19 0.14 0.71 24 X Y 110597D        
22.49 38.11 15 -1.67 1.55 0.12 1.65 -0.15 -1.68 24 X Y 110597G        
25.77 38.74 15 -2.12 7.05 -4.92 2.06 1.39 -3.32 24 X Y 111497G        
20.84 37.33 23 2.23 0.79 -3.02 6.72 -2.96 4.59 25 X Y 111897B        
45.19 42.32 42 7.30 -8.57 1.27 -2.29 -3.08 -1.18 23 X Y 112797D        
64.81 29.43 33 4.55 -0.41 -4.15 0.50 -0.97 -4.26 23 X Y 120497B        
68.26 29.10 37 3.23 -3.63 0.40 2.09 -2.10 -0.11 23 X Y 121397A        
57.85 12.87 15 -4.99 3.44 1.55 -0.99 -1.97 -1.12 23 X Y 121597A        
70.62 36.53 224 1.97 -1.80 -0.17 2.36 -0.71 0.61 25 X Y 121797B        
64.61 29.13 18 5.76 -2.17 -3.59 -0.56 -1.98 -3.58 23 X Y 010598D        
20.84 37.21 36 -1.48 0.33 1.15 0.17 1.17 0.51 24 X Y 011098F        
69.92 37.13 34 0.87 -7.59 6.72 2.06 -0.51 -3.81 24 X Y 020498B        
70.94 36.36 228 1.58 -1.62 0.04 1.08 0.30 0.04 24 X Y 021498A        
70.88 36.50 244 2.07 -0.10 -1.97 -0.41 3.38 0.02 25 X Y 022098D        
28.12 35.66 54 -4.89 0.18 4.71 2.37 1.97 3.08 23 X Y 030998A        
57.60 29.95 15 -2.34 -5.15 7.50 -3.67 -3.25 5.07 25 X Y 031498F        
76.88 39.94 33 2.16 -2.12 -0.04 2.24 0.52 -0.88 24 X Y 031998C        
70.00 36.46 236 3.60 -4.21 0.61 7.27 -0.15 -0.37 24 X Y 032198D        
30.16 38.10 15 -8.81 3.39 5.41 1.53 1.11 -3.44 23 X Y 040498D        
60.10 32.35 33 -0.00 -1.40 1.40 -0.67 -1.25 4.61 24 X Y 041098C        
41.10 39.18 15 -1.15 0.05 1.10 0.44 2.35 -8.80 23 X Y 041398B        
22.01 36.03 40 1.19 -1.66 0.47 0.01 -0.68 1.23 24 X Y 042998A        
20.50 37.56 33 0.65 8.11 -8.76 3.85 -0.83 3.77 23 X Y 050198B        
39.00 38.19 15 -0.02 -3.26 3.29 0.86 -0.33 4.17 23 X Y 050998H        
27.36 31.39 39 2.02 -0.42 -1.59 0.00 0.05 0.73 24 X Y 052898E        
79.06 37.55 29 0.68 -0.83 0.15 -2.49 1.57 0.53 24 X Y 052898F        
75.67 41.35 32 9.65 -8.06 -1.59 2.78 -3.67 -1.91 23 X Y 052998E        
70.08 37.38 24 0.56 -5.32 4.76 2.06 0.57 -5.74 25 X Y 053098A        
69.91 37.21 33 0.53 -4.11 3.58 -1.02 -0.43 2.80 23 X Y 060698C        
77.42 41.23 33 1.37 -3.54 2.17 -0.28 -7.87 1.75 23 X Y 060798A        
58.52 28.00 106 -0.27 0.08 0.19 1.22 -0.36 -0.22 24 X Y 061098D        
50.90 31.53 31 7.44 -8.15 0.71 -0.37 1.43 -0.60 23 X Y 061598A        
69.68 30.00 33 1.91 -1.55 -0.35 -1.41 1.46 -4.79 23 X Y 062698A        
35.58 36.87 30 0.42 -2.98 2.55 0.31 0.70 0.65 25 X Y 062798C        
70.07 37.03 33 0.26 -1.55 1.29 -1.48 -1.64 -5.11 23 X Y 062998A        
35.42 36.63 15 1.69 -9.25 7.56 -1.68 9.01 9.77 23 X Y 070498C        
49.24 38.79 20 2.79 0.17 -2.96 -1.92 9.67 0.61 24 X Y 070998C        
68.24 29.93 15 2.07 -1.64 -0.43 3.28 -2.08 -0.36 23 X Y 071298F        
56.56 27.30 47 5.81 -6.82 1.01 -0.67 -0.19 -0.53 23 X Y 080198C        
77.13 39.67 15 -2.18 0.23 1.95 -0.20 -2.07 1.48 24 X Y 080298A        
57.45 37.47 15 -1.27 -5.76 7.03 1.25 -0.60 9.17 23 X Y 080498B        
68.55 29.10 50 0.35 -1.68 1.34 0.21 -0.19 0.39 24 X Y 080598A        
46.00 33.50 33 2.06 -0.44 -1.62 2.18 1.57 -0.06 24 X Y 080598G        
48.03 34.38 22 -3.04 0.09 2.95 0.07 0.70 1.28 23 X Y 082198A        
77.22 39.51 32 -0.36 -3.15 3.51 0.31 -0.73 1.86 25 X Y 082798B        
77.30 39.47 32 -2.52 1.93 0.59 -1.26 -0.81 2.06 23 X Y 090398B        
51.07 30.90 33 0.37 -2.40 2.03 0.61 1.91 3.96 23 X Y 092198D        
20.81 41.93 18 -6.09 6.33 -0.24 -3.39 -4.50 5.38 23 X Y 093098F        
53.65 14.69 15 -0.78 2.46 -1.68 -0.67 -1.56 2.18 24 X Y 100198D        
47.22 33.23 15 9.60 -7.27 -2.33 -6.97 -2.49 2.62 23 X Y 100498A        
47.22 33.20 38 1.21 -0.98 -0.23 -0.26 -0.02 0.78 24 X Y 100598A        
20.48 37.85 15 0.80 0.21 -1.01 -0.79 0.09 0.72 24 X Y 100698B        
25.84 34.02 22 2.42 -5.38 2.95 0.74 2.11 1.58 23 X Y 100798F        
68.21 36.24 41 3.07 -1.63 -1.44 2.32 -1.43 -3.81 23 X Y 102598B        
53.38 27.52 33 1.38 -1.33 -0.05 -0.47 0.36 0.57 24 X Y 111398B        
57.38 30.26 15 0.16 -0.22 0.06 -0.73 -0.10 1.05 24 X Y 111898A        
47.54 12.43 15 -0.81 1.60 -0.79 -0.28 -0.29 0.04 24 X Y 112398D        
70.87 36.35 240 2.03 -3.00 0.97 -0.28 -1.47 0.43 24 X Y 121198E        
56.20 28.95 33 -2.76 0.12 2.64 1.33 -0.73 0.46 23 X Y 011499C        
44.97 35.27 33 4.80 -2.70 -2.10 -1.93 1.91 1.55 23 X Y 011599B        
68.22 37.18 34 2.35 -0.09 -2.25 -0.20 2.95 -0.25 23 X Y 012099B        
47.14 43.56 30 3.65 -2.56 -1.10 -1.05 2.00 2.07 24 X Y 013199A        
70.10 35.80 202 4.83 -0.70 -4.13 2.98 8.67 2.74 23 X Y 020999C        
68.77 34.26 33 -0.58 -5.57 6.15 5.24 -0.35 -9.94 24 X Y 021199B        
47.19 43.45 33 8.37 -7.05 -1.32 -3.24 5.06 5.68 23 X Y 022199C        
57.49 27.91 26 4.40 -5.67 1.27 8.66 -0.50 -0.79 25 X Y 030499A        
79.21 30.38 15 1.58 -1.83 0.25 6.84 -3.18 0.84 25 X Y 032899F        
38.31 39.40 15 -0.25 -8.36 8.61 5.97 7.76 5.32 23 X Y 040699A        
75.45 37.61 150 2.86 2.57 -5.43 -0.41 1.29 -2.07 23 X Y 041799C        
21.27 35.60 44 1.06 0.10 -1.17 -0.07 0.07 0.66 24 X Y 041799D        
20.20 43.75 15 0.84 -4.41 3.57 -9.92 0.33 9.90 23 X Y 043099A        
52.96 27.74 45 4.11 -4.73 0.62 1.26 2.91 2.45 23 X Y 043099B        
52.03 29.34 17 -0.52 -2.06 2.58 -0.40 0.38 0.59 25 X Y 050699H        
73.21 36.75 69 -6.04 -3.26 9.30 3.47 -3.49 4.03 23 X Y 050999E        
31.41 34.56 15 0.20 1.22 -1.42 2.00 0.43 1.30 24 X Y 052599E        
70.56 36.78 77 -1.98 -0.42 2.40 2.80 1.29 2.62 23 X Y 060199D        
47.62 40.58 33 1.60 -0.37 -1.23 0.57 0.10 -0.55 24 X Y 060499B        
71.34 36.13 130 7.53 -6.72 -0.81 -2.17 -0.10 -3.79 23 X Y 061099E        
21.17 37.30 59 0.94 -8.14 7.20 1.19 0.67 -3.20 23 X Y 061199A        
69.77 29.97 33 1.62 -1.04 -0.58 -0.99 0.19 -1.86 24 X Y 062699C        
69.76 30.02 33 3.22 -2.94 -0.28 -0.02 0.34 -0.86 23 X Y 062999B        
73.10 38.47 56 -1.63 -7.58 9.21 1.79 3.33 -4.69 23 X Y 062999D        
70.96 36.50 188 3.85 -2.98 -0.88 0.02 0.74 0.00 24 X Y 062999F        
21.01 43.58 15 -2.59 5.70 -3.11 2.62 3.28 2.48 23 X Y 070199D        
72.52 37.55 68 0.02 -1.12 1.10 -0.04 0.09 -0.37 24 X Y 070899B        
69.66 29.90 15 2.02 -1.62 -0.40 -0.16 0.83 -3.28 24 X Y 071299A        
28.19 38.96 15 -3.23 7.28 -4.05 0.57 2.52 -4.91 23 X Y 072599A        
69.74 29.20 15 -0.26 0.36 -0.10 -1.67 -0.60 -0.85 24 X Y 072899C        
69.23 36.37 24 1.32 -1.23 -0.09 4.36 -2.46 -4.31 23 X Y 080399C        
32.68 34.42 20 2.36 -2.82 0.46 0.85 0.77 0.67 24 X Y 081199A        
29.97 41.01 17 -0.14 -0.06 0.20 0.82 -0.24 -2.75 27 X Y 081799A        
29.10 40.68 15 -5.80 4.85 0.95 0.41 2.82 -1.83 23 X Y 081999B        
30.25 40.43 15 -2.14 3.87 -1.73 -4.93 -1.41 -2.46 23 X Y 083199A        
23.64 37.87 15 -1.11 0.98 0.13 0.28 0.03 -0.35 25 X Y 090799C        
30.29 40.31 15 0.10 0.62 -0.72 0.62 3.12 -5.04 24 X Y 091399B        
51.06 28.49 33 6.47 -4.02 -2.44 -5.65 1.55 4.45 23 X Y 092499A        
29.69 40.55 15 -2.30 4.66 -2.36 4.29 -2.42 -4.53 23 X Y 092999A        
28.24 36.73 33 -3.63 4.34 -0.71 1.02 -4.14 3.65 23 X Y 100599B        
51.48 29.36 33 5.98 -3.46 -2.52 -0.96 2.94 3.27 23 X Y 103199A        
66.44 38.94 55 1.78 2.44 -4.22 1.35 -0.77 0.49 23 X Y 103199B        
31.36 40.57 15 1.89 -1.90 0.01 -2.43 0.20 -0.94 23 X Y 110799C        
70.81 36.48 237 5.05 -0.52 -4.53 0.87 3.75 -1.59 25 X Y 110899D        
61.38 36.04 44 2.03 -1.35 -0.68 0.07 -0.11 0.93 24 X Y 110899G        
61.29 35.78 25 0.29 -0.15 -0.15 -0.41 1.25 0.00 24 X Y 110999A        
61.19 35.90 23 3.29 -1.18 -2.12 1.37 0.42 0.10 23 X Y 110999D        
30.10 40.95 15 0.11 -2.11 1.99 2.07 1.58 -1.66 24 X Y 111199B        
31.25 40.93 18 -1.60 1.78 -0.17 0.03 3.66 -5.30 26 X Y 111299D        
54.52 37.47 29 1.00 -1.15 0.15 -0.73 0.39 -0.27 24 X Y 111999A        
54.54 37.00 18 7.78 -5.59 -2.19 -4.40 7.86 1.34 23 X Y 112699E        
42.40 40.61 19 -0.37 -3.37 3.74 0.60 -1.68 -0.70 24 X Y 120399B        
61.50 35.91 20 3.53 -2.53 -1.00 -0.64 -1.25 0.26 23 X Y 120599C        
76.25 42.75 33 6.21 -5.46 -0.75 1.68 0.24 -3.20 23 X Y 120699A        
71.07 36.06 118 6.27 -5.80 -0.47 3.72 -2.83 -6.78 23 X Y 121099A        
20.83 41.61 15 -5.08 -0.20 5.28 -0.11 -0.16 0.91 23 X Y 122299A        
65.95 38.73 64 1.65 -0.37 -1.28 1.38 1.18 -2.07 23 X Y 122599C        
69.72 37.15 85 2.49 -1.95 -0.54 -0.15 0.42 -5.82 23 X Y 010100A        
70.29 36.30 224 7.84 -8.67 0.83 -3.90 2.86 1.45 24 X Y 011900A        
52.73 40.27 65 2.28 -0.33 -1.95 4.34 4.23 7.68 23 X Y 012600D        
58.19 35.46 27 9.65 -9.83 0.19 -0.97 1.31 0.03 23 X Y 020200C        
45.95 12.01 15 -3.72 6.59 -2.87 0.00 0.00 -0.06 23 X Y 021000A        
46.30 11.89 15 -0.95 1.43 -0.47 0.91 0.27 -0.17 24 X Y 021400A        
25.35 34.15 33 3.79 -4.02 0.23 8.29 -1.36 6.82 23 X Y 022200E        
52.85 28.40 15 2.97 -1.88 -1.10 -3.04 0.62 -0.92 23 X Y 030100E        
56.40 27.61 33 1.60 -1.55 -0.05 0.09 0.33 0.24 24 X Y 030500A        
25.98 34.13 15 5.27 -6.43 1.15 6.30 -0.81 -0.45 23 X Y 031000E        
73.93 17.45 15 -3.38 1.02 2.36 -0.14 2.85 -0.16 23 X Y 031200C        
48.23 39.95 54 -3.70 4.93 -1.23 -1.40 4.56 0.27 23 X Y 032100C        
25.83 34.08 15 2.10 -1.81 -0.29 0.13 -0.31 0.36 24 X Y 040500A        
66.14 38.74 15 7.14 -1.79 -5.34 -6.12 1.62 -3.52 23 X Y 042000D        
29.39 37.78 15 -1.03 0.73 0.31 0.15 -1.57 -0.45 24 X Y 042100D        
72.43 37.82 152 -0.09 0.92 -0.84 0.30 -0.76 -2.72 24 X Y 050100B        
50.18 29.57 33 1.56 -0.96 -0.60 -2.69 0.09 3.38 23 X Y 050300B        
70.53 36.04 106 -0.58 1.30 -0.72 2.24 1.57 0.47 25 X Y 051200D        
21.95 35.80 38 -0.25 -0.22 0.47 2.00 0.32 3.89 24 X Y 052400B        
22.10 35.92 15 3.03 -2.83 -0.20 6.43 1.21 -0.42 23 X Y 052400C        
20.54 38.96 15 -0.25 -0.28 0.53 0.00 0.90 2.36 24 X Y 052600C        
71.54 36.52 90 1.42 0.29 -1.70 -0.81 1.44 -1.52 23 X Y 053000B        
32.70 40.75 15 -6.86 -0.43 7.30 -3.71 3.10 -8.36 24 X Y 060600B        
26.74 35.16 15 -0.35 -0.91 1.26 -1.11 -0.51 0.16 24 X Y 061300A        
20.49 34.45 15 4.81 -2.13 -2.68 -2.53 -2.99 -2.11 23 X Y 061500E        
77.43 35.24 40 -0.13 0.01 0.12 -0.31 -0.03 1.36 24 X Y 061900G        
51.25 29.93 33 -0.49 0.50 -0.01 -1.69 -0.83 5.85 23 X Y 062300C        
51.32 13.52 15 -0.96 8.68 -7.72 -4.05 0.52 6.50 23 X Y 062400B        
70.82 36.24 146 1.11 -2.07 0.97 2.52 1.34 0.22 25 X Y 071700F        
70.90 36.62 237 0.50 0.57 -1.07 0.13 -0.67 0.04 24 X Y 072800B        
76.83 41.90 33 3.83 -2.47 -1.36 -0.31 -0.09 1.40 23 X Y 080800A        
54.45 37.01 15 2.54 -1.87 -0.67 1.04 0.02 -0.67 23 X Y 081600B        
57.57 38.18 15 -0.11 -3.56 3.67 0.10 0.05 0.01 24 X Y 082200D        
30.72 40.68 15 -5.10 8.67 -3.57 -2.25 2.80 -6.97 23 X Y 082300D        
73.93 17.26 15 -5.46 1.08 4.38 -0.22 5.63 -0.25 23 X Y 090500A        
51.68 27.82 44 1.69 -1.73 0.04 -2.05 -1.48 0.53 23 X Y 091300A        
57.44 38.08 35 -0.48 -6.14 6.63 -1.10 0.67 -1.04 23 X Y 091900A        
69.22 37.47 29 3.98 -3.60 -0.38 -2.19 -2.77 -1.42 23 X Y 103000J        
42.86 38.14 32 1.50 -1.64 0.14 1.23 -1.42 -0.65 24 X Y 111500D        
49.95 40.24 15 -0.10 0.09 0.00 0.95 -1.54 -0.03 26 X Y 112500D        
50.27 40.41 26 -5.65 3.47 2.18 3.75 -2.66 -0.98 25 X Y 112500E        
54.87 39.60 33 2.61 -2.32 -0.28 2.57 0.92 1.35 26 X Y 120600C        
31.35 38.40 15 -1.11 1.08 0.02 -0.11 0.17 -0.50 25 X Y 121500F        
68.30 35.95 33 3.05 -0.68 -2.37 7.05 2.79 -2.84 23 X Y 010201E        
50.01 40.10 48 -2.23 -0.31 2.55 6.42 1.46 1.94 23 X Y 010701B        
66.14 38.61 27 9.62 -5.10 -4.52 0.22 -3.80 -4.84 23 X Y 011801D        
70.24 23.63 20 2.34 -3.16 0.82 1.34 1.39 0.11 27 X Y 012601A        
70.61 23.61 15 4.92 -5.07 0.15 0.79 1.25 0.25 24 X Y 012801A        
70.48 23.74 15 2.87 -4.41 1.54 6.48 9.12 -5.54 23 X Y 012801B        
70.07 23.72 15 1.40 -1.42 0.03 0.19 -0.17 -0.20 24 X Y 021901A        
70.62 36.41 193 1.41 -1.68 0.28 -0.14 0.60 -0.27 25 X Y 022501A        
69.32 32.15 33 -0.51 -1.60 2.11 3.69 -3.45 -8.02 23 X Y 030901A        
46.29 32.78 15 1.27 -0.73 -0.54 0.03 -0.28 0.92 24 X Y 032301A        
53.25 14.63 15 -4.59 4.27 0.31 3.31 2.28 -0.28 23 X Y 032501C        
50.43 30.20 15 3.18 -1.70 -1.48 -5.65 8.94 2.87 23 X Y 032801A        
47.80 32.58 31 6.21 -5.78 -0.42 -4.10 -0.96 1.41 23 X Y 040301D        
20.10 39.99 51 1.82 0.27 -2.10 0.14 -0.44 4.25 23 X Y 040901B        
55.04 27.55 26 4.45 -1.01 -3.45 -4.59 -0.86 0.77 23 X Y 041301A        
50.35 13.41 15 -0.64 1.12 -0.48 -0.43 -0.14 -0.14 24 X Y 042301C        
27.17 35.33 33 -5.41 0.50 4.91 -1.40 -4.49 0.21 23 X Y 050101A        
70.19 30.13 18 0.89 -0.73 -0.16 -3.94 -0.95 -3.34 23 X Y 051601B        
70.95 36.41 206 5.45 1.02 -6.47 -2.91 3.95 -3.63 23 X Y 052201B        
40.07 18.21 15 -6.98 2.64 4.34 1.21 5.13 -3.49 23 X Y 052501I        
28.18 35.49 46 -0.26 -5.08 5.34 -0.95 3.53 -1.13 23 X Y 052901B        
69.22 35.00 30 3.40 -1.74 -1.66 -0.40 -2.15 -1.57 23 X Y 060101B        
54.08 39.71 57 1.24 -0.99 -0.25 0.70 0.02 0.65 24 X Y 061001B        
25.66 38.32 34 -0.90 2.62 -1.72 0.35 0.42 -1.48 24 X Y 061001E        
51.59 14.03 15 -1.23 7.55 -6.32 0.01 -2.22 6.41 24 X Y 061501J        
28.04 35.37 58 -0.27 -1.87 2.14 0.28 0.30 3.37 24 X Y 062301A        
35.71 37.23 15 -0.86 0.08 0.78 -0.02 -1.46 0.07 24 X Y 062501H        
70.08 30.30 33 1.05 2.64 -3.70 2.24 2.63 -4.07 23 X Y 063001B        
42.07 39.94 29 0.03 -1.05 1.02 0.42 0.36 -0.98 24 X Y 071001E        
55.41 14.64 15 -5.05 4.82 0.23 4.99 1.90 -1.23 23 X Y 071401E        
73.14 32.61 85 3.40 -4.23 0.83 -2.08 1.84 -0.12 23 X Y 071601D        
72.19 37.58 190 -1.29 -1.04 2.33 3.97 -2.97 -2.00 23 X Y 072401D        
24.29 38.96 15 -1.15 5.52 -4.37 1.30 0.41 -2.30 25 X Y 072601A        
24.04 39.09 15 -2.59 3.23 -0.63 1.38 0.19 2.14 23 X Y 073001D        
51.74 14.38 15 -0.52 2.75 -2.23 0.34 -0.87 2.33 24 X Y 082601H        
47.58 32.81 15 3.58 -2.99 -0.58 -1.99 0.43 1.35 23 X Y 090101C        
72.03 39.40 15 -1.04 1.27 -0.23 1.34 0.79 -0.11 24 X Y 090201G        
21.85 37.24 15 -1.73 1.11 0.61 0.30 -0.12 -0.92 24 X Y 091601A        
75.46 33.00 40 2.17 -1.24 -0.93 1.11 -0.55 1.38 23 X Y 092801A        
43.41 11.72 15 0.30 5.04 -5.34 1.49 -2.25 -1.44 23 X Y 110201C        
71.50 36.43 100 0.96 -0.54 -0.42 0.04 0.46 -1.10 25 X Y 112301A        
57.05 27.74 29 3.30 -3.18 -0.11 2.34 1.30 0.69 23 X Y 112501D        
23.86 34.49 48 0.91 -5.17 4.26 6.77 -2.97 5.14 23 X Y 112601B        
70.76 35.71 123 1.19 -0.60 -0.58 0.81 0.41 -0.56 25 X Y 010302D        
69.29 38.89 44 5.79 -3.27 -2.52 5.07 3.68 -3.54 23 X Y 010902C        
26.59 35.53 90 -0.06 0.06 0.00 1.78 -0.10 1.10 25 X Y 012202A        
75.91 33.32 29 -2.39 -0.70 3.09 6.35 -5.32 2.95 23 X Y 012702D        
31.21 38.62 15 -4.80 6.05 -1.25 -1.58 -1.13 1.82 25 X Y 020302A        
30.56 38.23 15 -5.32 1.61 3.71 1.46 -1.98 3.01 24 X Y 020302C        
31.22 38.52 15 -9.83 7.68 2.15 -0.13 2.91 3.82 23 X Y 020302D        
50.37 40.39 31 -2.10 2.16 -0.06 2.30 -1.67 -1.40 23 X Y 021102J        
51.68 28.00 33 8.03 -6.58 -1.45 -7.98 2.08 3.49 23 X Y 021702C        
70.42 36.57 228 9.00 -8.16 -0.84 8.62 -2.96 2.05 26 X Y 030302C        
55.77 24.82 15 -2.95 1.80 1.15 -1.53 -0.62 1.49 23 X Y 031102C        
70.40 37.48 76 -0.00 -0.31 0.32 -0.23 0.34 -2.37 23 X Y 032202A        
69.06 36.28 15 1.31 0.47 -1.78 0.10 -0.40 -0.23 25 X Y 032502C        
69.59 36.22 15 1.12 0.83 -1.96 4.05 -2.85 -1.05 23 X Y 032502H        
68.75 36.12 15 2.23 0.19 -2.42 0.65 1.46 0.06 24 X Y 032702A        
56.07 31.85 33 1.97 -5.86 3.89 -1.22 1.50 4.16 23 X Y 040502C        
69.12 36.15 15 6.09 1.65 -7.75 -0.94 0.21 -2.06 24 X Y 041202A        
68.80 35.89 15 2.12 1.59 -3.71 3.77 0.13 -0.76 23 X Y 041202B        
73.38 38.41 140 -0.61 -1.12 1.74 -1.06 -0.39 -0.91 24 X Y 041402A        
56.66 27.30 33 5.50 -6.99 1.49 3.73 -5.53 -1.05 23 X Y 041702C 